9.017910957336425781e-01
9.020702242851257324e-01
9.031543731689453125e-01
9.079450964927673340e-01
9.020807147026062012e-01
9.012084007263183594e-01
2.666599750518798828e-01
2.981844246387481689e-01
2.694857418537139893e-01
7.993282675743103027e-01
2.674763500690460205e-01
2.628524303436279297e-01
3.118847310543060303e-01
9.003220200538635254e-01
9.112352132797241211e-01
2.553994655609130859e-01
2.556491196155548096e-01
2.694857418537139893e-01
9.196386337280273438e-01
3.197394013404846191e-01
7.993282675743103027e-01
7.993282675743103027e-01
1.890458166599273682e-01
9.181675314903259277e-01
3.013448119163513184e-01
9.208799004554748535e-01
3.008288741111755371e-01
4.853512942790985107e-01
8.996745944023132324e-01
4.823954999446868896e-01
3.047727644443511963e-01
2.633117437362670898e-01
2.647432386875152588e-01
9.008185863494873047e-01
2.544312775135040283e-01
7.993282675743103027e-01
2.631802856922149658e-01
3.029404282569885254e-01
7.992821931838989258e-01
9.144569635391235352e-01
7.993282675743103027e-01
1.890458166599273682e-01
8.382198214530944824e-01
8.382198214530944824e-01
1.897531300783157349e-01
7.994663119316101074e-01
7.998037934303283691e-01
8.048086166381835938e-01
2.694098353385925293e-01
7.998037934303283691e-01
3.227055370807647705e-01
9.105879068374633789e-01
8.467286825180053711e-01
2.662523388862609863e-01
3.396664261817932129e-01
3.396664261817932129e-01
9.281445145606994629e-01
9.144622087478637695e-01
7.992666363716125488e-01
7.990046739578247070e-01
8.195812702178955078e-01
8.195812702178955078e-01
8.263691663742065430e-01
9.125127196311950684e-01
9.234222769737243652e-01
3.465354740619659424e-01
9.246188998222351074e-01
3.254593014717102051e-01
9.160532355308532715e-01
8.992267847061157227e-01
9.016928076744079590e-01
2.471142560243606567e-01
9.003794193267822266e-01
8.195812702178955078e-01
1.890458166599273682e-01
2.720649242401123047e-01
7.993282675743103027e-01
7.993282675743103027e-01
7.998037934303283691e-01
9.004144668579101562e-01
1.890458166599273682e-01
7.996198534965515137e-01
2.822711765766143799e-01
3.170671164989471436e-01
2.578238546848297119e-01
2.645808458328247070e-01
9.031346440315246582e-01
2.605411112308502197e-01
2.551203668117523193e-01
2.760729491710662842e-01
9.019442200660705566e-01
9.010719656944274902e-01
2.739939689636230469e-01
2.814424335956573486e-01
9.042649269104003906e-01
7.988827824592590332e-01
3.375095129013061523e-01
3.310718536376953125e-01
9.117376208305358887e-01
9.130941629409790039e-01
9.274458885192871094e-01
4.094522893428802490e-01
3.997531235218048096e-01
4.078319072723388672e-01
3.853864669799804688e-01
3.885307312011718750e-01
9.481011033058166504e-01
2.726601958274841309e-01
2.974376976490020752e-01
3.088024854660034180e-01
2.555460929870605469e-01
3.274638354778289795e-01
9.045507311820983887e-01
9.142697453498840332e-01
2.634552717208862305e-01
2.662523388862609863e-01
2.672494053840637207e-01
2.699574828147888184e-01
2.646964788436889648e-01
2.661849260330200195e-01
2.563202083110809326e-01
3.699608743190765381e-01
9.325549602508544922e-01
9.353939294815063477e-01
8.007520437240600586e-01
2.664582133293151855e-01
9.023292660713195801e-01
2.725052535533905029e-01
2.666900455951690674e-01
2.563202083110809326e-01
8.992267847061157227e-01
2.560902833938598633e-01
2.666900455951690674e-01
2.780196070671081543e-01
2.686832845211029053e-01
2.666900455951690674e-01
9.012955427169799805e-01
3.029404282569885254e-01
2.643554806709289551e-01
2.481462508440017700e-01
2.704143822193145752e-01
2.088142484426498413e-01
2.162906974554061890e-01
2.124938070774078369e-01
2.188502699136734009e-01
2.112420201301574707e-01
8.817421197891235352e-01
9.369775056838989258e-01
2.490506321191787720e-01
7.992205619812011719e-01
2.913034856319427490e-01
9.098406434059143066e-01
2.504911124706268311e-01
9.144501686096191406e-01
2.672494053840637207e-01
2.662523388862609863e-01
9.124963283538818359e-01
3.275636136531829834e-01
9.252405166625976562e-01
9.012084007263183594e-01
2.353257983922958374e-01
2.770895361900329590e-01
1.890458166599273682e-01
1.991959959268569946e-01
3.029404282569885254e-01
3.008124232292175293e-01
3.029238879680633545e-01
1.890374571084976196e-01
2.655287384986877441e-01
2.452803552150726318e-01
4.958739876747131348e-01
5.066700577735900879e-01
9.572495818138122559e-01
9.572495818138122559e-01
9.572495818138122559e-01
9.572495818138122559e-01
4.958739876747131348e-01
4.958739876747131348e-01
4.958739876747131348e-01
6.776444315910339355e-01
9.673133492469787598e-01
2.711031436920166016e-01
8.999442458152770996e-01
2.471142560243606567e-01
3.436203300952911377e-01
3.436203300952911377e-01
3.436203300952911377e-01
9.077676534652709961e-01
9.086786508560180664e-01
9.172983169555664062e-01
2.704176902770996094e-01
2.717413008213043213e-01
2.658024430274963379e-01
1.890357583761215210e-01
2.666900455951690674e-01
1.890458166599273682e-01
2.651509642601013184e-01
2.936049103736877441e-01
7.994357943534851074e-01
2.672494053840637207e-01
2.672494053840637207e-01
3.047893345355987549e-01
2.672494053840637207e-01
2.458777129650115967e-01
2.699574828147888184e-01
8.988310694694519043e-01
3.785642385482788086e-01
3.691168427467346191e-01
9.234519600868225098e-01
9.217153787612915039e-01
3.737470507621765137e-01
9.365515708923339844e-01
2.666900455951690674e-01
2.672494053840637207e-01
2.694786489009857178e-01
1.890458166599273682e-01
7.992666363716125488e-01
2.716028988361358643e-01
2.586573064327239990e-01
2.672494053840637207e-01
2.560902833938598633e-01
2.666900455951690674e-01
2.959415018558502197e-01
9.003920555114746094e-01
2.704143822193145752e-01
2.473825812339782715e-01
2.725052535533905029e-01
9.032743573188781738e-01
2.569290995597839355e-01
2.647432386875152588e-01
9.006639122962951660e-01
9.073684811592102051e-01
2.770895361900329590e-01
2.414850741624832153e-01
2.615516781806945801e-01
2.131547480821609497e-01
2.841977775096893311e-01
2.655382156372070312e-01
2.642306089401245117e-01
2.535400092601776123e-01
3.535949289798736572e-01
2.912138700485229492e-01
2.998374700546264648e-01
3.029238879680633545e-01
9.154130220413208008e-01
2.672494053840637207e-01
2.890287041664123535e-01
9.108151793479919434e-01
2.556491196155548096e-01
1.890458166599273682e-01
2.666900455951690674e-01
2.580139935016632080e-01
2.419240474700927734e-01
3.029404282569885254e-01
2.371076792478561401e-01
3.029404282569885254e-01
3.630289137363433838e-01
9.218461513519287109e-01
9.292397499084472656e-01
2.504696547985076904e-01
9.021135568618774414e-01
9.117434024810791016e-01
2.970545291900634766e-01
3.140039145946502686e-01
2.961882948875427246e-01
9.221981763839721680e-01
3.183951377868652344e-01
9.241566658020019531e-01
2.725456953048706055e-01
2.599503397941589355e-01
2.664615213871002197e-01
2.664615213871002197e-01
2.419064342975616455e-01
9.106262326240539551e-01
2.694639563560485840e-01
2.981943190097808838e-01
9.150993824005126953e-01
3.047727644443511963e-01
2.710236012935638428e-01
8.981232643127441406e-01
2.685297429561614990e-01
2.725691199302673340e-01
2.672494053840637207e-01
2.654383480548858643e-01
2.672494053840637207e-01
2.605967521667480469e-01
9.177496433258056641e-01
2.332543879747390747e-01
2.607858479022979736e-01
2.569209635257720947e-01
9.045728445053100586e-01
2.696611285209655762e-01
2.654383480548858643e-01
2.672494053840637207e-01
2.904049456119537354e-01
2.674986720085144043e-01
2.647432386875152588e-01
2.643554806709289551e-01
2.562417984008789062e-01
3.180399239063262939e-01
9.201681613922119141e-01
2.745569348335266113e-01
3.029238879680633545e-01
3.320854306221008301e-01
9.200604557991027832e-01
9.219568371772766113e-01
2.988432943820953369e-01
2.981885671615600586e-01
2.593234777450561523e-01
