id,category
0,5
1,9
2,4
3,0
4,8
5,1
6,1
7,1
8,8
9,0
10,5
11,1
12,6
13,8
14,8
15,7
16,9
17,3
18,7
19,9
20,3
21,3
22,9
23,6
24,7
25,2
26,8
27,6
28,8
29,2
30,0
31,0
32,4
33,1
34,5
35,2
36,2
37,6
38,6
39,7
40,6
41,9
42,1
43,5
44,8
45,1
46,6
47,5
48,9
49,2
50,0
51,4
52,2
53,3
54,4
55,3
56,6
57,9
58,3
59,0
60,5
61,5
62,0
63,4
64,1
65,5
66,8
67,9
68,0
69,2
70,4
71,5
72,0
73,4
74,8
75,3
76,2
77,4
78,1
79,2
80,6
81,7
82,1
83,7
84,4
85,2
86,6
87,5
88,1
89,0
90,0
91,3
92,5
93,9
94,9
95,7
96,6
97,2
98,4
99,4
100,3
101,8
102,9
103,1
104,7
105,3
106,3
107,6
108,2
109,3
110,1
111,8
112,3
113,6
114,8
115,2
116,9
117,5
118,7
119,5
120,7
121,9
122,5
123,6
124,9
125,3
126,1
127,7
128,5
129,1
130,7
131,2
132,2
133,6
134,8
135,7
136,4
137,4
138,1
139,0
140,5
141,7
142,4
143,3
144,2
145,2
146,2
147,8
148,0
149,0
150,7
151,8
152,9
153,5
154,4
155,4
156,2
157,4
158,2
159,9
160,2
161,6
162,8
163,4
164,2
165,3
166,9
167,4
168,6
169,3
170,5
171,4
172,1
173,8
174,3
175,4
176,2
177,4
178,9
179,4
180,9
181,5
182,8
183,2
184,2
185,7
186,4
187,7
188,0
189,0
190,3
191,7
192,1
193,0
194,4
195,9
196,8
197,7
198,1
199,1
200,7
201,8
202,4
203,6
204,4
205,7
206,6
207,3
208,3
209,9
210,8
211,5
212,2
213,5
214,3
215,1
216,2
217,7
218,4
219,6
220,2
221,6
222,0
223,1
224,9
225,3
226,1
227,4
228,6
229,9
230,4
231,3
232,1
233,1
234,4
235,6
236,9
237,8
238,3
239,8
240,9
241,5
242,2
243,2
244,6
245,2
246,6
247,7
248,8
249,4
250,5
251,3
252,0
253,6
254,5
255,3
256,4
257,5
258,4
259,8
260,4
261,8
262,1
263,9
264,4
265,2
266,6
267,0
268,7
269,1
270,7
271,8
272,6
273,8
274,2
275,1
276,7
277,9
278,9
279,0
280,1
281,3
282,1
283,7
284,3
285,5
286,5
287,4
288,5
289,6
290,4
291,0
292,0
293,4
294,1
295,1
296,2
297,1
298,5
299,9
300,5
301,7
302,0
303,5
304,1
305,4
306,3
307,4
308,7
309,4
310,4
311,8
312,6
313,9
314,5
315,1
316,3
317,2
318,1
319,9
320,3
321,9
322,5
323,0
324,0
325,4
326,0
327,9
328,9
329,3
330,5
331,6
332,7
333,2
334,0
335,0
336,4
337,7
338,8
339,1
340,1
341,7
342,2
343,5
344,7
345,8
346,0
347,0
348,1
349,8
350,0
351,5
352,9
353,0
354,5
355,0
356,5
357,3
358,3
359,7
360,2
361,0
362,8
363,9
364,3
365,8
366,8
367,7
368,9
369,0
370,8
371,2
372,0
373,1
374,6
375,2
376,6
377,1
378,6
379,8
380,8
381,6
382,2
383,6
384,8
385,9
386,5
387,6
388,8
389,0
390,6
391,5
392,5
393,2
394,5
395,5
396,1
397,2
398,1
399,3
400,0
401,8
402,1
403,9
404,5
405,5
406,4
407,4
408,8
409,3
410,7
411,8
412,6
413,4
414,8
415,6
416,0
417,8
418,3
419,0
420,8
421,1
422,6
423,5
424,8
425,9
426,2
427,7
428,9
429,9
430,4
431,9
432,4
433,5
434,4
435,6
436,1
437,6
438,5
439,1
440,2
441,2
442,2
443,0
444,5
445,1
446,8
447,4
448,6
449,9
450,6
451,2
452,2
453,0
454,8
455,6
456,1
457,7
458,5
459,0
460,7
461,6
462,1
463,4
464,5
465,5
466,7
467,2
468,8
469,1
470,9
471,3
472,0
473,6
474,3
475,6
476,7
477,8
478,6
479,5
480,0
481,8
482,5
483,7
484,8
485,1
486,9
487,4
488,1
489,1
490,3
491,8
492,7
493,1
494,2
495,6
496,8
497,4
498,5
499,8
500,0
501,8
502,2
503,8
504,2
505,7
506,5
507,8
508,1
509,9
510,4
511,4
512,1
513,5
514,0
515,5
516,0
517,5
518,2
519,9
520,9
521,6
522,4
523,7
524,3
525,3
526,7
527,9
528,5
529,4
530,4
531,1
532,2
533,0
534,4
535,6
536,1
537,6
538,7
539,1
540,1
541,6
542,6
543,7
544,4
545,7
546,0
547,7
548,7
549,0
550,1
551,2
552,7
553,4
554,8
555,8
556,0
557,0
558,9
559,6
560,3
561,8
562,9
563,1
564,9
565,1
566,2
567,2
568,1
569,6
570,4
571,5
572,5
573,0
574,9
575,5
576,6
577,9
578,3
579,8
580,8
581,8
582,6
583,2
584,8
585,6
586,5
587,5
588,4
589,4
590,0
591,9
592,2
593,7
594,1
595,1
596,4
597,1
598,3
599,5
600,8
601,6
602,5
603,4
604,1
605,7
606,1
607,4
608,5
609,7
610,5
611,1
612,5
613,9
614,2
615,0
616,4
617,3
618,8
619,1
620,1
621,8
622,6
623,7
624,7
625,3
626,7
627,1
628,4
629,3
630,4
631,0
632,8
633,7
634,0
635,5
636,9
637,9
638,5
639,8
640,7
641,5
642,4
643,8
644,7
645,5
646,6
647,6
648,9
649,3
650,7
651,1
652,3
653,1
654,5
655,7
656,4
657,7
658,8
659,0
660,0
661,3
662,5
663,1
664,7
665,9
666,6
667,7
668,3
669,3
670,6
671,9
672,5
673,5
674,5
675,0
676,7
677,3
678,7
679,8
680,8
681,8
682,3
683,8
684,3
685,0
686,7
687,0
688,3
689,4
690,4
691,2
692,6
693,3
694,9
695,8
696,0
697,4
698,7
699,7
700,4
701,1
702,2
703,8
704,2
705,6
706,8
707,1
708,6
709,1
710,8
711,7
712,0
713,6
714,4
715,2
716,1
717,2
718,8
719,5
720,8
721,2
722,8
723,4
724,8
725,6
726,8
727,0
728,9
729,1
730,4
731,6
732,2
733,9
734,9
735,2
736,9
737,1
738,8
739,2
740,3
741,5
742,8
743,9
744,2
745,1
746,5
747,3
748,5
749,2
750,9
751,5
752,6
753,3
754,2
755,3
756,4
757,0
758,9
759,6
760,0
761,2
762,7
763,5
764,6
765,2
766,7
767,1
768,4
769,3
770,5
771,0
772,0
773,5
774,7
775,5
776,4
777,1
778,9
779,7
780,0
781,5
782,2
783,9
784,1
785,6
786,3
787,3
788,6
789,8
790,5
791,6
792,5
793,5
794,7
795,9
796,4
797,6
798,3
799,7
800,3
801,6
802,1
803,1
804,6
805,5
806,3
807,6
808,6
809,9
810,0
811,7
812,4
813,4
814,3
815,8
816,5
817,5
818,7
819,9
820,2
821,2
822,6
823,5
824,3
825,1
826,3
827,9
828,4
829,8
830,5
831,1
832,2
833,3
834,4
835,6
836,3
837,2
838,2
839,5
840,4
841,2
842,6
843,8
844,2
845,4
846,5
847,5
848,4
849,5
850,4
851,2
852,0
853,6
854,4
855,2
856,8
857,8
858,4
859,0
860,2
861,4
862,0
863,8
864,4
865,1
866,5
867,5
868,3
869,2
870,0
871,6
872,8
873,3
874,1
875,6
876,1
877,7
878,5
879,0
880,5
881,0
882,3
883,2
884,6
885,0
886,4
887,8
888,6
889,6
890,7
891,8
892,0
893,9
894,8
895,8
896,4
897,1
898,9
899,4
900,4
901,6
902,5
903,9
904,8
905,6
906,2
907,5
908,8
909,3
910,1
911,9
912,4
913,8
914,7
915,4
916,9
917,8
918,8
919,4
920,0
921,6
922,9
923,4
924,6
925,0
926,6
927,8
928,3
929,3
930,2
931,8
932,5
933,5
934,0
935,1
936,1
937,3
938,3
939,9
940,9
941,5
942,1
943,8
944,2
945,8
946,8
947,7
948,7
949,9
950,5
951,7
952,0
953,0
954,2
955,1
956,9
957,1
958,5
959,0
960,6
961,4
962,1
963,0
964,6
965,6
966,6
967,2
968,6
969,1
970,7
971,6
972,1
973,1
974,3
975,6
976,4
977,6
978,1
979,3
980,8
981,1
982,4
983,0
984,9
985,3
986,1
987,8
988,1
989,9
990,4
991,2
992,7
993,1
994,5
995,0
996,9
997,5
998,4
999,5
