id,category
0,8
1,9
2,4
3,0
4,9
5,8
6,3
7,1
8,5
9,0
10,0
11,9
12,6
13,8
14,9
15,8
16,9
17,3
18,3
19,9
20,7
21,3
22,9
23,2
24,3
25,2
26,8
27,6
28,8
29,6
30,0
31,0
32,4
33,9
34,5
35,2
36,2
37,6
38,8
39,4
40,6
41,9
42,9
43,5
44,8
45,8
46,6
47,0
48,3
49,2
50,5
51,9
52,2
53,3
54,2
55,3
56,0
57,1
58,7
59,0
60,5
61,5
62,0
63,4
64,1
65,5
66,9
67,9
68,0
69,8
70,3
71,4
72,0
73,4
74,8
75,7
76,6
77,5
78,3
79,2
80,6
81,4
82,1
83,4
84,3
85,6
86,2
87,5
88,8
89,0
90,8
91,3
92,5
93,9
94,9
95,3
96,6
97,2
98,5
99,8
100,7
101,1
102,2
103,8
104,7
105,3
106,3
107,6
108,2
109,3
110,1
111,9
112,3
113,5
114,9
115,2
116,9
117,5
118,7
119,5
120,5
121,9
122,5
123,6
124,9
125,4
126,1
127,7
128,5
129,1
130,7
131,2
132,6
133,7
134,8
135,8
136,4
137,4
138,1
139,0
140,5
141,8
142,3
143,7
144,2
145,2
146,2
147,3
148,5
149,0
150,7
151,7
152,9
153,5
154,7
155,4
156,8
157,4
158,2
159,9
160,2
161,6
162,8
163,8
164,2
165,3
166,8
167,4
168,6
169,7
170,4
171,2
172,1
173,8
174,3
175,8
176,2
177,3
178,9
179,4
180,9
181,6
182,8
183,2
184,2
185,7
186,4
187,7
188,0
189,0
190,3
191,7
192,1
193,0
194,4
195,3
196,8
197,7
198,1
199,5
200,7
201,7
202,7
203,5
204,1
205,7
206,6
207,3
208,3
209,9
210,8
211,0
212,4
213,4
214,3
215,1
216,6
217,7
218,2
219,6
220,0
221,6
222,5
223,1
224,9
225,3
226,8
227,6
228,8
229,3
230,4
231,3
232,4
233,3
234,6
235,6
236,9
237,4
238,3
239,8
240,9
241,4
242,2
243,2
244,5
245,2
246,6
247,7
248,8
249,3
250,8
251,3
252,0
253,6
254,4
255,7
256,4
257,2
258,4
259,8
260,4
261,8
262,4
263,1
264,9
265,2
266,6
267,0
268,7
269,8
270,7
271,4
272,6
273,8
274,4
275,1
276,5
277,9
278,9
279,0
280,8
281,1
282,8
283,7
284,3
285,5
286,5
287,1
288,2
289,6
290,4
291,0
292,0
293,3
294,4
295,3
296,2
297,1
298,5
299,9
300,5
301,7
302,0
303,3
304,5
305,4
306,5
307,5
308,7
309,0
310,6
311,8
312,6
313,9
314,5
315,1
316,3
317,2
318,1
319,9
320,4
321,9
322,5
323,9
324,0
325,4
326,0
327,9
328,8
329,3
330,5
331,6
332,7
333,2
334,0
335,0
336,4
337,7
338,8
339,1
340,9
341,4
342,2
343,5
344,7
345,8
346,0
347,0
348,1
349,8
350,0
351,0
352,9
353,0
354,6
355,1
356,5
357,7
358,3
359,7
360,2
361,0
362,7
363,3
364,7
365,9
366,8
367,7
368,9
369,0
370,8
371,2
372,0
373,9
374,6
375,2
376,6
377,1
378,6
379,4
380,8
381,2
382,2
383,6
384,8
385,9
386,1
387,6
388,4
389,0
390,6
391,4
392,5
393,2
394,5
395,5
396,5
397,2
398,7
399,3
400,0
401,8
402,1
403,9
404,3
405,4
406,8
407,4
408,6
409,9
410,7
411,6
412,6
413,2
414,7
415,6
416,0
417,8
418,3
419,0
420,8
421,8
422,5
423,5
424,8
425,2
426,2
427,7
428,4
429,9
430,1
431,9
432,7
433,5
434,8
435,6
436,5
437,2
438,7
439,1
440,2
441,2
442,2
443,0
444,5
445,1
446,8
447,8
448,6
449,9
450,6
451,2
452,4
453,0
454,8
455,1
456,2
457,3
458,4
459,4
460,7
461,6
462,1
463,3
464,0
465,0
466,7
467,2
468,3
469,8
470,9
471,3
472,0
473,8
474,3
475,6
476,7
477,6
478,0
479,8
480,0
481,8
482,8
483,7
484,1
485,9
486,9
487,5
488,8
489,1
490,3
491,8
492,7
493,1
494,2
495,6
496,8
497,8
498,5
499,1
500,0
501,9
502,2
503,8
504,2
505,7
506,4
507,8
508,9
509,9
510,4
511,7
512,0
513,8
514,6
515,4
516,0
517,5
518,6
519,9
520,9
521,5
522,4
523,8
524,3
525,3
526,7
527,8
528,5
529,7
530,4
531,5
532,4
533,5
534,7
535,6
536,1
537,6
538,7
539,1
540,1
541,6
542,0
543,8
544,5
545,7
546,0
547,3
548,7
549,0
550,9
551,4
552,7
553,4
554,7
555,8
556,0
557,0
558,9
559,2
560,4
561,8
562,7
563,8
564,6
565,8
566,2
567,2
568,8
569,4
570,2
571,3
572,4
573,5
574,8
575,5
576,2
577,9
578,8
579,7
580,8
581,4
582,6
583,2
584,8
585,6
586,5
587,1
588,4
589,4
590,0
591,9
592,2
593,7
594,7
595,4
596,8
597,1
598,3
599,5
600,1
601,6
602,5
603,8
604,1
605,7
606,0
607,9
608,5
609,7
610,5
611,6
612,0
613,8
614,6
615,0
616,7
617,3
618,9
619,1
620,2
621,8
622,6
623,7
624,8
625,6
626,7
627,6
628,1
629,3
630,5
631,0
632,3
633,4
634,0
635,5
636,9
637,3
638,5
639,8
640,7
641,4
642,4
643,4
644,7
645,7
646,2
647,6
648,4
649,7
650,7
651,4
652,3
653,1
654,5
655,7
656,4
657,7
658,8
659,0
660,0
661,7
662,0
663,9
664,4
665,9
666,6
667,3
668,3
669,3
670,1
671,9
672,4
673,5
674,6
675,0
676,7
677,3
678,7
679,8
680,8
681,2
682,3
683,8
684,3
685,5
686,7
687,0
688,4
689,4
690,5
691,2
692,4
693,3
694,9
695,8
696,0
697,5
698,7
699,7
700,5
701,9
702,2
703,8
704,2
705,6
706,4
707,1
708,2
709,8
710,8
711,7
712,0
713,9
714,8
715,2
716,1
717,2
718,8
719,5
720,8
721,1
722,8
723,1
724,8
725,8
726,8
727,0
728,9
729,1
730,4
731,5
732,2
733,3
734,9
735,2
736,9
737,0
738,4
739,2
740,3
741,0
742,8
743,9
744,8
745,4
746,5
747,3
748,8
749,2
750,9
751,6
752,8
753,3
754,2
755,3
756,4
757,0
758,9
759,2
760,0
761,2
762,7
763,6
764,2
765,4
766,3
767,1
768,8
769,3
770,1
771,0
772,0
773,5
774,7
775,5
776,0
777,8
778,9
779,7
780,0
781,0
782,2
783,9
784,1
785,6
786,7
787,8
788,6
789,8
790,0
791,6
792,4
793,5
794,3
795,2
796,4
797,2
798,3
799,7
800,3
801,2
802,1
803,1
804,6
805,5
806,4
807,6
808,6
809,9
810,0
811,3
812,7
813,5
814,3
815,8
816,9
817,5
818,7
819,9
820,2
821,2
822,6
823,8
824,3
825,1
826,6
827,9
828,5
829,9
830,5
831,1
832,2
833,3
834,8
835,9
836,3
837,2
838,2
839,4
840,4
841,2
842,6
843,9
844,0
845,3
846,5
847,2
848,5
849,5
850,4
851,8
852,0
853,6
854,7
855,2
856,8
857,0
858,4
859,0
860,2
861,8
862,6
863,8
864,5
865,7
866,3
867,0
868,3
869,2
870,0
871,6
872,1
873,3
874,1
875,6
876,1
877,7
878,5
879,0
880,4
881,0
882,3
883,2
884,6
885,5
886,8
887,8
888,6
889,6
890,7
891,7
892,0
893,9
894,8
895,8
896,5
897,1
898,9
899,4
900,4
901,6
902,6
903,9
904,8
905,4
906,2
907,5
908,2
909,3
910,1
911,9
912,5
913,8
914,7
915,4
916,8
917,4
918,8
919,4
920,6
921,4
922,9
923,3
924,9
925,4
926,6
927,8
928,3
929,1
930,4
931,8
932,4
933,5
934,0
935,1
936,1
937,7
938,3
939,1
940,9
941,5
942,4
943,8
944,2
945,6
946,8
947,7
948,7
949,7
950,2
951,7
952,0
953,1
954,2
955,1
956,4
957,1
958,5
959,0
960,9
961,4
962,1
963,0
964,6
965,2
966,6
967,2
968,6
969,8
970,7
971,6
972,1
973,9
974,3
975,0
976,4
977,6
978,1
979,7
980,7
981,1
982,4
983,0
984,9
985,3
986,2
987,8
988,4
989,9
990,4
991,2
992,7
993,1
994,5
995,0
996,9
997,5
998,7
999,5
