id,good,bad
0,6,0
1,29,0
2,0,0
3,0,0
4,5,0
5,6,0
6,5,0
7,2,0
8,3,0
9,2,0
10,0,0
11,0,0
12,25,0
13,0,0
14,14,0
15,11,0
16,7,0
17,5,0
18,22,0
19,5,0
20,0,0
21,1,0
22,9,0
23,8,0
24,5,0
25,8,0
26,6,0
27,22,0
28,4,0
29,5,0
30,7,0
31,0,0
32,7,0
33,10,0
34,11,0
35,20,0
36,8,0
37,9,0
38,4,0
39,14,0
40,5,0
41,5,0
42,2,0
43,5,0
44,11,0
45,6,0
46,5,0
47,2,0
48,8,0
49,10,0
50,12,0
51,3,0
52,1,0
53,1,0
54,5,0
55,6,0
56,7,0
57,8,0
58,4,0
59,0,0
60,0,0
61,10,0
62,2,0
63,8,0
64,27,0
65,0,0
66,14,0
67,9,0
68,7,0
69,5,0
70,10,0
71,5,0
72,9,0
73,1,0
74,0,0
75,9,0
76,20,0
77,0,0
78,4,0
79,0,0
80,14,0
81,2,0
82,10,0
83,3,0
84,2,0
85,2,0
86,4,0
87,5,0
88,0,0
89,9,0
90,7,0
91,4,0
92,17,0
93,6,0
94,15,0
95,0,0
96,5,0
97,8,0
98,14,0
99,6,0
100,6,0
101,1,0
102,2,0
103,4,0
104,11,0
105,5,0
106,11,0
107,0,0
108,19,0
109,4,0
110,12,0
111,8,0
112,1,0
113,0,0
114,11,0
115,14,0
116,4,0
117,8,0
118,21,0
119,6,0
120,11,0
121,17,0
122,1,0
123,8,0
124,0,0
125,12,0
126,6,0
127,29,0
128,8,0
129,0,0
130,0,0
131,4,0
132,0,0
133,5,0
134,0,0
135,5,0
136,8,0
137,9,0
138,5,0
139,13,0
140,1,0
141,0,0
142,5,0
143,6,0
144,13,0
145,4,0
146,1,0
147,0,0
148,0,0
149,4,0
150,0,0
151,8,0
152,1,0
153,9,0
154,15,0
155,14,0
156,14,0
157,9,0
158,6,0
159,2,0
160,28,0
161,1,0
162,6,0
163,11,0
164,11,0
165,2,0
166,4,0
167,9,0
168,7,0
169,7,0
170,2,0
171,3,0
172,0,0
173,11,0
174,3,0
175,16,0
176,11,0
177,13,0
178,0,0
179,15,0
180,4,0
181,10,0
182,2,0
183,2,0
184,11,0
185,3,0
186,0,0
187,22,0
188,0,0
189,5,0
190,16,0
191,0,0
192,12,0
193,9,0
194,4,0
195,5,0
196,17,0
197,4,0
198,0,0
199,0,0
200,14,0
201,0,0
202,11,0
203,8,0
204,4,0
205,0,0
206,1,0
207,5,0
208,14,0
209,0,0
210,7,0
211,4,0
212,12,0
213,15,0
214,13,0
215,0,0
216,8,0
217,7,0
218,2,0
219,4,0
220,5,0
221,5,0
222,8,0
223,24,0
224,8,0
225,8,0
226,3,0
227,4,0
228,8,0
229,2,0
230,9,0
231,3,0
232,5,0
233,1,0
234,24,0
235,0,0
236,11,0
237,11,0
238,9,0
239,19,0
240,21,0
241,27,0
242,5,0
243,9,0
244,0,0
245,10,0
246,0,0
247,0,0
248,8,0
249,10,0
250,24,0
251,0,0
252,26,0
253,10,0
254,0,0
255,3,0
256,3,0
257,2,0
258,5,0
259,12,0
260,20,0
261,0,0
262,1,0
263,2,0
264,6,0
265,6,0
266,1,0
267,0,0
268,0,0
269,4,0
270,7,0
271,1,0
272,8,0
273,0,0
274,21,0
275,7,0
276,10,0
277,0,0
278,6,0
279,1,0
280,10,0
281,17,0
282,3,0
283,12,0
284,22,0
285,10,0
286,4,0
287,0,0
288,7,0
289,18,0
290,10,0
291,3,0
292,4,0
293,36,0
294,12,0
295,6,0
296,0,0
297,14,0
298,5,0
299,0,0
300,14,0
301,10,0
302,5,0
303,4,0
304,16,0
305,0,0
306,7,0
307,10,0
308,3,0
309,10,0
310,2,0
311,17,0
312,10,0
313,0,0
314,3,0
315,22,0
316,6,0
317,9,0
318,0,0
319,4,0
320,12,0
321,0,0
322,4,0
323,6,0
324,0,0
325,0,0
326,2,0
327,21,0
328,4,0
329,0,0
330,5,0
331,11,0
332,11,0
333,8,0
334,0,0
335,0,0
336,8,0
337,5,0
338,8,0
339,0,0
340,1,0
341,4,0
342,5,0
343,12,0
344,8,0
345,2,0
346,10,0
347,30,0
348,7,0
349,4,0
350,0,0
351,0,0
352,0,0
353,5,0
354,11,0
355,1,0
356,60,0
357,1,0
358,8,0
359,7,0
360,1,0
361,5,0
362,11,0
363,6,0
364,3,0
365,4,0
366,14,0
367,9,0
368,8,0
369,5,0
370,3,0
371,8,0
372,1,0
373,6,0
374,3,0
375,29,0
376,5,0
377,18,0
378,14,0
379,0,0
380,7,0
381,0,0
382,9,0
383,6,0
384,6,0
385,25,0
386,0,0
387,0,0
388,18,0
389,4,0
390,0,0
391,0,0
392,0,0
393,5,0
394,12,0
395,17,0
396,3,0
397,6,0
398,7,0
399,13,0
400,0,0
401,13,0
402,33,0
403,0,0
404,10,0
405,54,0
406,16,0
407,2,0
408,2,0
409,7,0
410,4,0
411,0,0
412,12,0
413,9,0
414,7,0
415,4,0
416,13,0
417,4,0
418,2,0
419,16,0
420,1,0
421,14,0
422,8,0
423,8,0
424,3,0
425,21,0
426,14,0
427,0,0
428,0,0
429,0,0
430,35,0
431,0,0
432,0,0
433,3,0
434,4,0
435,0,0
436,0,0
437,11,0
438,0,0
439,21,0
440,0,0
441,0,0
442,0,0
443,23,0
444,1,0
445,0,0
446,17,0
447,9,0
448,21,0
449,3,0
450,26,0
451,0,0
452,0,0
453,8,0
454,25,0
455,0,0
456,5,0
457,27,0
458,1,0
459,0,0
460,3,0
461,12,0
462,0,0
463,4,0
464,15,0
465,16,0
466,5,0
467,0,0
468,5,0
469,0,0
470,2,0
471,16,0
472,0,0
473,27,0
474,1,0
475,5,0
476,2,0
477,0,0
478,6,0
479,6,0
480,0,0
481,36,0
482,0,0
483,23,0
484,15,0
485,24,0
486,0,0
487,44,0
488,11,0
489,3,0
490,4,0
491,35,0
492,0,0
493,0,0
494,7,0
495,27,0
496,0,0
497,5,0
498,10,0
499,12,0
500,13,0
501,0,0
502,7,0
503,12,0
504,0,0
505,44,0
506,20,0
507,3,0
508,21,0
509,0,0
510,9,0
511,2,0
512,0,0
513,16,0
514,10,0
515,24,0
516,19,0
517,0,0
518,9,0
519,14,0
520,9,0
521,0,0
522,0,0
523,0,0
524,14,0
525,16,0
526,0,0
527,9,0
528,0,0
529,0,0
530,3,0
531,6,0
532,3,0
533,1,0
534,19,0
535,0,0
536,6,0
537,12,0
538,0,0
539,3,0
540,0,0
541,3,0
542,10,0
543,4,0
544,29,0
545,17,0
546,30,0
547,7,0
548,14,0
549,3,0
550,16,0
551,0,0
552,0,0
553,0,0
554,15,0
555,0,0
556,0,0
557,7,0
558,0,0
559,8,0
560,23,0
561,22,0
562,26,0
563,8,0
564,8,0
565,0,0
566,3,0
567,6,0
568,13,0
569,12,0
570,12,0
571,9,0
572,10,0
573,9,0
574,6,0
575,25,0
576,3,0
577,13,0
578,0,0
579,0,0
580,9,0
581,0,0
582,0,0
583,0,0
584,0,0
585,9,0
586,9,0
587,10,0
588,4,0
589,47,0
590,4,0
591,0,0
592,17,0
593,13,0
594,7,0
595,0,0
596,7,0
597,2,0
598,8,0
599,6,0
600,34,0
601,0,0
602,10,0
603,21,0
604,9,0
605,2,0
606,11,0
607,11,0
608,17,0
609,14,0
610,0,0
611,0,0
612,19,0
613,0,0
614,0,0
615,0,0
616,19,0
617,0,0
618,0,0
619,0,0
620,0,0
621,0,0
622,15,0
623,9,0
624,17,0
625,11,0
626,12,0
627,19,0
628,0,0
629,0,0
630,29,0
631,18,0
632,10,0
633,4,0
634,28,0
635,18,0
636,3,0
637,28,0
638,22,0
639,21,0
640,10,0
641,47,0
642,0,0
643,30,0
644,19,0
645,1,0
646,24,0
647,0,0
648,20,0
649,0,0
650,0,0
651,14,0
652,10,0
653,15,0
654,19,0
655,9,0
656,0,0
657,3,0
658,0,0
659,23,0
660,9,0
661,0,0
662,4,0
663,0,0
664,5,0
665,20,0
666,24,0
667,7,0
668,7,0
669,3,0
670,9,0
671,48,0
672,15,0
673,14,0
674,28,0
675,17,0
676,17,0
677,22,0
678,22,0
679,5,0
680,6,0
681,11,0
682,12,0
683,20,0
684,0,0
685,8,0
686,13,0
687,11,0
688,14,0
689,20,0
690,15,0
691,10,0
692,0,0
693,15,0
694,0,0
695,7,0
696,6,0
697,3,0
698,3,0
699,8,0
700,9,0
701,19,0
702,1,0
703,13,0
704,5,0
705,24,0
706,13,0
707,14,0
708,0,0
709,11,0
710,3,0
711,9,0
712,0,0
713,0,0
714,9,0
715,5,0
716,51,0
717,0,0
718,12,0
719,4,0
720,18,0
721,0,0
722,0,0
723,9,0
724,0,0
725,0,0
726,8,0
727,5,0
728,0,0
729,0,0
730,11,0
731,7,0
732,19,0
733,2,0
734,11,0
735,1,0
736,0,0
737,0,0
738,13,0
739,14,0
740,29,0
741,18,0
742,14,0
743,30,0
744,15,0
745,11,0
746,27,0
747,17,0
748,12,0
749,0,0
750,19,0
751,14,0
752,0,0
753,7,0
754,1,0
755,11,0
756,0,0
757,17,0
758,0,0
759,0,0
760,1,0
761,4,0
762,21,0
763,10,0
764,6,0
765,14,0
766,18,0
767,0,0
768,4,0
769,0,0
770,0,0
771,26,0
772,0,0
773,24,0
774,8,0
775,16,0
776,16,0
777,14,0
778,0,0
779,5,0
780,12,0
781,0,0
782,26,0
783,0,0
784,11,0
785,21,0
786,7,0
787,13,0
788,0,0
789,29,0
790,4,0
791,12,0
792,0,0
793,0,0
794,3,0
795,0,0
796,0,0
797,12,0
798,0,0
799,13,0
800,17,0
801,6,0
802,19,0
803,10,0
804,7,0
805,4,0
806,0,0
807,14,0
808,8,0
809,6,0
810,3,0
811,0,0
812,0,0
813,5,0
814,30,0
815,33,0
816,0,0
817,0,0
818,0,0
819,2,0
820,7,0
821,3,0
822,2,0
823,9,0
824,12,0
825,0,0
826,8,0
827,6,0
828,8,0
829,7,0
830,9,0
831,6,0
832,2,0
833,16,0
834,13,0
835,4,0
836,16,0
837,23,0
838,14,0
839,16,0
840,1,0
841,16,0
842,2,0
843,29,0
844,0,0
845,0,0
846,3,0
847,6,0
848,14,0
849,1,0
850,30,0
851,5,0
852,0,0
853,7,0
854,3,0
855,5,0
856,2,0
857,11,0
858,3,0
859,0,0
860,2,0
861,12,0
862,6,0
863,8,0
864,18,0
865,14,0
866,0,0
867,5,0
868,4,0
869,7,0
870,4,0
871,5,0
872,10,0
873,0,0
874,17,0
875,18,0
876,2,0
877,14,0
878,24,0
879,29,0
880,0,0
881,7,0
882,3,0
883,13,0
884,22,0
885,12,0
886,1,0
887,14,0
888,11,0
889,7,0
890,7,0
891,4,0
892,11,0
893,0,0
894,9,0
895,0,0
896,13,0
897,11,0
898,0,0
899,7,0
900,0,0
901,4,0
902,8,0
903,6,0
904,17,0
905,0,0
906,9,0
907,5,0
908,4,0
909,3,0
910,1,0
911,0,0
912,22,0
913,9,0
914,6,0
915,17,0
916,18,0
917,0,0
918,10,0
919,0,0
920,13,0
921,12,0
922,29,0
923,1,0
924,4,0
925,13,0
926,7,0
927,6,0
928,4,0
929,0,0
930,1,0
931,3,0
932,12,0
933,12,0
934,8,0
935,4,0
936,9,0
937,5,0
938,0,0
939,0,0
940,7,0
941,1,0
942,21,0
943,1,0
944,11,0
945,0,0
946,7,0
947,9,0
948,10,0
949,5,0
950,9,0
951,3,0
952,9,0
953,11,0
954,12,0
955,7,0
956,16,0
957,7,0
958,0,0
959,11,0
960,0,0
961,5,0
962,7,0
963,5,0
964,5,0
965,8,0
966,10,0
967,9,0
968,12,0
969,12,0
970,8,0
971,14,0
972,3,0
973,5,0
974,13,0
975,5,0
976,6,0
977,1,0
978,7,0
979,0,0
980,0,0
981,7,0
982,7,0
983,10,0
984,32,0
985,20,0
986,10,0
987,26,0
988,8,0
989,0,0
990,27,0
991,3,0
992,5,0
993,5,0
994,9,0
995,7,0
996,0,0
997,2,0
998,4,0
999,3,0
1000,1,0
1001,5,0
1002,11,0
1003,9,0
1004,5,0
1005,5,0
1006,13,0
1007,20,0
1008,8,0
1009,0,0
1010,13,0
1011,6,0
1012,2,0
1013,9,0
1014,8,0
1015,1,0
1016,22,0
1017,14,0
1018,0,0
1019,5,0
1020,3,0
1021,5,0
1022,8,0
1023,11,0
1024,0,0
1025,16,0
1026,2,0
1027,13,0
1028,16,0
1029,3,0
1030,6,0
1031,0,0
1032,0,0
1033,0,0
1034,0,0
1035,0,0
1036,19,0
1037,8,0
1038,8,0
1039,6,0
1040,18,0
1041,9,0
1042,0,0
1043,13,0
1044,9,0
1045,0,0
1046,12,0
1047,4,0
1048,16,0
1049,10,0
1050,3,0
1051,11,0
1052,1,0
1053,6,0
1054,5,0
1055,0,0
1056,9,0
1057,7,0
1058,12,0
1059,3,0
1060,10,0
1061,0,0
1062,8,0
1063,6,0
1064,3,0
1065,11,0
1066,0,0
1067,2,0
1068,0,0
1069,1,0
1070,6,0
1071,0,0
1072,1,0
1073,0,0
1074,9,0
1075,6,0
1076,10,0
1077,0,0
1078,3,0
1079,5,0
1080,4,0
1081,6,0
1082,6,0
1083,5,0
1084,2,0
1085,0,0
1086,5,0
1087,3,0
1088,7,0
1089,10,0
1090,3,0
1091,30,0
1092,0,0
1093,0,0
1094,2,0
1095,13,0
1096,8,0
1097,19,0
1098,5,0
1099,7,0
1100,14,0
1101,6,0
1102,1,0
1103,11,0
1104,2,0
1105,6,0
1106,1,0
1107,5,0
1108,0,0
1109,12,0
1110,0,0
1111,4,0
1112,11,0
1113,0,0
1114,31,0
1115,12,0
1116,19,0
1117,7,0
1118,0,0
1119,0,0
1120,13,0
1121,4,0
1122,2,0
1123,4,0
1124,0,0
1125,4,0
1126,15,0
1127,8,0
1128,6,0
1129,1,0
1130,0,0
1131,7,0
1132,0,0
1133,1,0
1134,3,0
1135,5,0
1136,0,0
1137,1,0
1138,8,0
1139,18,0
1140,0,0
1141,7,0
1142,7,0
1143,3,0
1144,4,0
1145,9,0
1146,20,0
1147,6,0
1148,9,0
1149,5,0
1150,21,0
1151,10,0
1152,0,0
1153,0,0
1154,15,0
1155,21,0
1156,17,0
1157,17,0
1158,4,0
1159,5,0
1160,3,0
1161,2,0
1162,6,0
1163,7,0
1164,8,0
1165,19,0
1166,5,0
1167,9,0
1168,1,0
1169,1,0
1170,9,0
1171,11,0
1172,3,0
1173,13,0
1174,13,0
1175,2,0
1176,10,0
1177,4,0
1178,3,0
1179,11,0
1180,8,0
1181,7,0
1182,11,0
1183,0,0
1184,6,0
1185,8,0
1186,0,0
1187,4,0
1188,8,0
1189,8,0
1190,9,0
1191,7,0
1192,4,0
1193,4,0
1194,0,0
1195,9,0
1196,9,0
1197,9,0
1198,5,0
1199,2,0
1200,5,0
1201,0,0
1202,4,0
1203,7,0
1204,11,0
1205,4,0
1206,0,0
1207,4,0
1208,6,0
1209,0,0
1210,9,0
1211,10,0
1212,2,0
1213,3,0
1214,4,0
1215,3,0
1216,3,0
1217,10,0
1218,1,0
1219,13,0
1220,11,0
1221,3,0
1222,3,0
1223,9,0
1224,2,0
1225,3,0
1226,6,0
1227,0,0
1228,2,0
1229,16,0
1230,13,0
1231,18,0
1232,28,0
1233,3,0
1234,0,0
1235,29,0
1236,1,0
1237,1,0
1238,26,0
1239,20,0
1240,8,0
1241,22,0
1242,23,0
1243,8,0
1244,11,0
1245,8,0
1246,6,0
1247,9,0
1248,0,0
1249,18,0
1250,1,0
1251,10,0
1252,10,0
1253,11,0
1254,0,0
1255,2,0
1256,9,0
1257,23,0
1258,4,0
1259,16,0
1260,20,0
1261,7,0
1262,23,0
1263,20,0
1264,21,0
1265,4,0
1266,7,0
1267,29,0
1268,0,0
1269,5,0
1270,13,0
1271,13,0
1272,13,0
1273,20,0
1274,14,0
1275,16,0
1276,23,0
1277,15,0
1278,2,0
1279,4,0
1280,1,0
1281,22,0
1282,8,0
1283,20,0
1284,10,0
1285,4,0
1286,7,0
1287,0,0
1288,0,0
1289,5,0
1290,1,0
1291,6,0
1292,5,0
1293,0,0
1294,0,0
1295,10,0
1296,0,0
1297,5,0
1298,5,0
1299,5,0
1300,11,0
1301,18,0
1302,0,0
1303,1,0
1304,4,0
1305,0,0
1306,8,0
1307,7,0
1308,10,0
1309,6,0
1310,8,0
1311,5,0
1312,3,0
1313,3,0
1314,4,0
1315,3,0
1316,5,0
1317,4,0
1318,9,0
1319,4,0
1320,6,0
1321,0,0
1322,7,0
1323,8,0
1324,12,0
1325,7,0
1326,7,0
1327,6,0
1328,3,0
1329,3,0
1330,6,0
1331,0,0
1332,6,0
1333,5,0
1334,0,0
1335,11,0
1336,1,0
1337,6,0
1338,0,0
1339,14,0
1340,10,0
1341,0,0
1342,4,0
1343,12,0
1344,5,0
1345,3,0
1346,3,0
1347,4,0
1348,18,0
1349,2,0
1350,10,0
1351,10,0
1352,7,0
1353,8,0
1354,7,0
1355,14,0
1356,0,0
1357,6,0
1358,21,0
1359,28,0
1360,23,0
1361,26,0
1362,8,0
1363,0,0
1364,5,0
1365,4,0
1366,4,0
1367,0,0
1368,2,0
1369,0,0
1370,22,0
1371,3,0
1372,5,0
1373,4,0
1374,25,0
1375,20,0
1376,12,0
1377,23,0
1378,0,0
1379,22,0
1380,10,0
1381,6,0
1382,24,0
1383,26,0
1384,5,0
1385,5,0
1386,3,0
1387,4,0
1388,0,0
1389,0,0
1390,8,0
1391,25,0
1392,0,0
1393,9,0
1394,16,0
1395,4,0
1396,7,0
1397,12,0
1398,1,0
1399,3,0
1400,0,0
1401,0,0
1402,21,0
1403,5,0
1404,30,0
1405,15,0
1406,5,0
1407,0,0
1408,7,0
1409,0,0
1410,23,0
1411,6,0
1412,12,0
1413,9,0
1414,2,0
1415,0,0
1416,0,0
1417,6,0
1418,11,0
1419,26,0
1420,3,0
1421,2,0
1422,5,0
1423,6,0
1424,0,0
1425,0,0
1426,4,0
1427,4,0
1428,0,0
1429,44,0
1430,9,0
1431,0,0
1432,6,0
1433,9,0
1434,16,0
1435,6,0
1436,22,0
1437,15,0
1438,28,0
1439,0,0
1440,18,0
1441,4,0
1442,0,0
1443,7,0
1444,0,0
1445,1,0
1446,5,0
1447,0,0
1448,21,0
1449,0,0
1450,16,0
1451,32,0
1452,31,0
1453,4,0
1454,3,0
1455,0,0
1456,3,0
1457,0,0
1458,8,0
1459,6,0
1460,4,0
1461,0,0
1462,4,0
1463,15,0
1464,24,0
1465,5,0
1466,8,0
1467,4,0
1468,16,0
1469,10,0
1470,17,0
1471,9,0
1472,13,0
1473,10,0
1474,37,0
1475,0,0
1476,13,0
1477,6,0
1478,17,0
1479,5,0
1480,9,0
1481,0,0
1482,15,0
1483,5,0
1484,14,0
1485,0,0
1486,2,0
1487,4,0
1488,0,0
1489,9,0
1490,3,0
1491,9,0
1492,10,0
1493,2,0
1494,36,0
1495,13,0
1496,32,0
1497,3,0
1498,12,0
1499,5,0
1500,9,0
1501,6,0
1502,15,0
1503,0,0
1504,3,0
1505,0,0
1506,3,0
1507,18,0
1508,7,0
1509,3,0
1510,5,0
1511,6,0
1512,4,0
1513,13,0
1514,4,0
1515,0,0
1516,1,0
1517,0,0
1518,16,0
1519,5,0
1520,0,0
1521,9,0
1522,12,0
1523,10,0
1524,17,0
1525,8,0
1526,5,0
1527,0,0
1528,10,0
1529,7,0
1530,11,0
1531,3,0
1532,13,0
1533,7,0
1534,7,0
1535,25,0
1536,7,0
1537,0,0
1538,7,0
1539,6,0
1540,5,0
1541,31,0
1542,0,0
1543,0,0
1544,7,0
1545,6,0
1546,12,0
1547,16,0
1548,4,0
1549,3,0
1550,10,0
1551,10,0
1552,2,0
1553,16,0
1554,0,0
1555,19,0
1556,14,0
1557,8,0
1558,5,0
1559,1,0
1560,5,0
1561,3,0
1562,10,0
1563,7,0
1564,5,0
1565,0,0
1566,9,0
1567,5,0
1568,5,0
1569,0,0
1570,9,0
1571,8,0
1572,1,0
1573,7,0
1574,4,0
1575,7,0
1576,7,0
1577,3,0
1578,13,0
1579,5,0
1580,6,0
1581,0,0
1582,0,0
1583,7,0
1584,1,0
1585,5,0
1586,14,0
1587,14,0
1588,6,0
1589,14,0
1590,19,0
1591,35,0
1592,0,0
1593,7,0
1594,0,0
1595,0,0
1596,4,0
1597,7,0
1598,3,0
1599,15,0
1600,0,0
1601,7,0
1602,13,0
1603,19,0
1604,2,0
1605,0,0
1606,14,0
1607,0,0
1608,4,0
1609,0,0
1610,7,0
1611,7,0
1612,11,0
1613,2,0
1614,2,0
1615,14,0
1616,37,0
1617,14,0
1618,6,0
1619,3,0
1620,4,0
1621,6,0
1622,8,0
1623,0,0
1624,7,0
1625,0,0
1626,4,0
1627,10,0
1628,5,0
1629,2,0
1630,9,0
1631,0,0
1632,6,0
1633,3,0
1634,2,0
1635,9,0
1636,2,0
1637,0,0
1638,50,0
1639,0,0
1640,3,0
1641,17,0
1642,17,0
1643,6,0
1644,11,0
1645,6,0
1646,3,0
1647,3,0
1648,8,0
1649,4,0
1650,0,0
1651,9,0
1652,6,0
1653,13,0
1654,0,0
1655,2,0
1656,4,0
1657,11,0
1658,5,0
1659,5,0
1660,0,0
1661,0,0
1662,8,0
1663,8,0
1664,7,0
1665,0,0
1666,7,0
1667,0,0
1668,7,0
1669,6,0
1670,0,0
1671,5,0
1672,0,0
1673,7,0
1674,6,0
1675,5,0
1676,0,0
1677,1,0
1678,0,0
1679,8,0
1680,7,0
1681,2,0
1682,15,0
1683,3,0
1684,6,0
1685,16,0
1686,10,0
1687,0,0
1688,7,0
1689,21,0
1690,4,0
1691,9,0
1692,2,0
1693,0,0
1694,7,0
1695,26,0
1696,7,0
1697,5,0
1698,0,0
1699,10,0
1700,0,0
1701,6,0
1702,0,0
1703,7,0
1704,0,0
1705,0,0
1706,0,0
1707,0,0
1708,7,0
1709,2,0
1710,0,0
1711,6,0
1712,2,0
1713,11,0
1714,7,0
1715,5,0
1716,0,0
1717,18,0
1718,10,0
1719,5,0
1720,10,0
1721,8,0
1722,7,0
1723,12,0
1724,12,0
1725,13,0
1726,8,0
1727,7,0
1728,1,0
1729,0,0
1730,7,0
1731,2,0
1732,0,0
1733,0,0
1734,10,0
1735,1,0
1736,29,0
1737,10,0
1738,4,0
1739,10,0
1740,14,0
1741,8,0
1742,11,0
1743,4,0
1744,5,0
1745,15,0
1746,36,0
1747,7,0
1748,0,0
1749,3,0
1750,0,0
1751,7,0
1752,3,0
1753,5,0
1754,29,0
1755,29,0
1756,10,0
1757,0,0
1758,23,0
1759,10,0
1760,6,0
1761,7,0
1762,5,0
1763,3,0
1764,5,0
1765,8,0
1766,9,0
1767,7,0
1768,0,0
1769,3,0
1770,2,0
1771,3,0
1772,12,0
1773,3,0
1774,8,0
1775,11,0
1776,5,0
1777,2,0
1778,9,0
1779,5,0
1780,1,0
1781,3,0
1782,23,0
1783,17,0
1784,8,0
1785,12,0
1786,2,0
1787,15,0
1788,15,0
1789,3,0
1790,0,0
1791,2,0
1792,12,0
1793,24,0
1794,4,0
1795,6,0
1796,7,0
1797,6,0
1798,0,0
1799,0,0
1800,0,0
1801,1,0
1802,8,0
1803,0,0
1804,6,0
1805,7,0
1806,13,0
1807,6,0
1808,5,0
1809,6,0
1810,20,0
1811,1,0
1812,4,0
1813,0,0
1814,2,0
1815,3,0
1816,6,0
1817,9,0
1818,4,0
1819,5,0
1820,6,0
1821,6,0
1822,7,0
1823,3,0
1824,2,0
1825,3,0
1826,9,0
1827,3,0
1828,8,0
1829,11,0
1830,3,0
1831,6,0
1832,14,0
1833,22,0
1834,4,0
1835,0,0
1836,0,0
1837,9,0
1838,0,0
1839,7,0
1840,0,0
1841,8,0
1842,8,0
1843,0,0
1844,5,0
1845,2,0
1846,13,0
1847,0,0
1848,11,0
1849,2,0
1850,22,0
1851,6,0
1852,8,0
1853,0,0
1854,8,0
1855,11,0
1856,11,0
1857,0,0
1858,9,0
1859,14,0
1860,5,0
1861,7,0
1862,3,0
1863,7,0
1864,2,0
1865,21,0
1866,7,0
1867,23,0
1868,0,0
1869,4,0
1870,0,0
1871,11,0
1872,0,0
1873,10,0
1874,6,0
1875,8,0
1876,8,0
1877,0,0
1878,21,0
1879,10,0
1880,16,0
1881,17,0
1882,0,0
1883,0,0
1884,6,0
1885,3,0
1886,0,0
1887,0,0
1888,2,0
1889,15,0
1890,4,0
1891,0,0
1892,0,0
1893,0,0
1894,3,0
1895,8,0
1896,4,0
1897,6,0
1898,16,0
1899,21,0
1900,5,0
1901,12,0
1902,3,0
1903,4,0
1904,20,0
1905,5,0
1906,9,0
1907,21,0
1908,0,0
1909,7,0
1910,9,0
1911,0,0
1912,2,0
1913,6,0
1914,8,0
1915,19,0
1916,12,0
1917,0,0
1918,3,0
1919,8,0
1920,25,0
1921,6,0
1922,7,0
1923,7,0
1924,31,0
1925,11,0
1926,3,0
1927,2,0
1928,17,0
1929,4,0
1930,0,0
1931,15,0
1932,8,0
1933,15,0
1934,3,0
1935,6,0
1936,18,0
1937,16,0
1938,5,0
1939,4,0
1940,11,0
1941,4,0
1942,6,0
1943,5,0
1944,9,0
1945,0,0
1946,18,0
1947,13,0
1948,8,0
1949,5,0
1950,8,0
1951,4,0
1952,12,0
1953,18,0
1954,0,0
1955,12,0
1956,18,0
1957,8,0
1958,4,0
1959,6,0
1960,3,0
1961,5,0
1962,18,0
1963,0,0
1964,11,0
1965,4,0
1966,12,0
1967,9,0
1968,14,0
1969,8,0
1970,2,0
1971,0,0
1972,15,0
1973,7,0
1974,3,0
1975,5,0
1976,1,0
1977,13,0
1978,0,0
1979,7,0
1980,7,0
1981,5,0
1982,0,0
1983,17,0
1984,8,0
1985,9,0
1986,9,0
1987,12,0
1988,0,0
1989,10,0
1990,14,0
1991,7,0
1992,4,0
1993,1,0
1994,6,0
1995,10,0
1996,6,0
1997,0,0
1998,6,0
1999,17,0
2000,18,0
2001,10,0
2002,5,0
2003,5,0
2004,48,0
2005,4,0
2006,25,0
2007,4,0
2008,4,0
2009,4,0
2010,9,0
2011,3,0
2012,5,0
2013,10,0
2014,19,0
2015,6,0
2016,3,0
2017,2,0
2018,4,0
2019,6,0
2020,4,0
2021,11,0
2022,9,0
2023,11,0
2024,4,0
2025,4,0
2026,10,0
2027,6,0
2028,3,0
2029,6,0
2030,4,0
2031,5,0
2032,4,0
2033,4,0
2034,6,0
2035,10,0
2036,9,0
2037,3,0
2038,6,0
2039,2,0
2040,18,0
2041,4,0
2042,5,0
2043,0,0
2044,7,0
2045,12,0
2046,3,0
2047,4,0
2048,11,0
2049,7,0
2050,4,0
2051,14,0
2052,4,0
2053,6,0
2054,4,0
2055,4,0
2056,6,0
2057,1,0
2058,9,0
2059,10,0
2060,11,0
2061,0,0
2062,4,0
2063,21,0
2064,4,0
2065,4,0
2066,6,0
2067,0,0
2068,8,0
2069,4,0
2070,3,0
2071,14,0
2072,4,0
2073,11,0
2074,4,0
2075,4,0
2076,4,0
2077,1,0
2078,4,0
2079,7,0
2080,10,0
2081,7,0
2082,0,0
2083,0,0
2084,5,0
2085,14,0
2086,6,0
2087,5,0
2088,6,0
2089,25,0
2090,11,0
2091,4,0
2092,6,0
2093,3,0
2094,7,0
2095,13,0
2096,8,0
2097,11,0
2098,8,0
2099,9,0
2100,9,0
2101,6,0
2102,0,0
2103,3,0
2104,5,0
2105,4,0
2106,7,0
2107,9,0
2108,17,0
2109,0,0
2110,6,0
2111,20,0
2112,7,0
2113,16,0
2114,3,0
2115,7,0
2116,3,0
2117,12,0
2118,0,0
2119,4,0
2120,5,0
2121,9,0
2122,10,0
2123,17,0
2124,0,0
2125,8,0
2126,7,0
2127,3,0
2128,18,0
2129,4,0
2130,7,0
2131,8,0
2132,4,0
2133,4,0
2134,3,0
2135,4,0
2136,16,0
2137,6,0
2138,4,0
2139,7,0
2140,6,0
2141,4,0
2142,16,0
2143,8,0
2144,0,0
2145,8,0
2146,7,0
2147,7,0
2148,10,0
2149,15,0
2150,5,0
2151,5,0
2152,8,0
2153,5,0
2154,9,0
2155,12,0
2156,4,0
2157,7,0
2158,8,0
2159,4,0
2160,6,0
2161,7,0
2162,6,0
2163,4,0
2164,8,0
2165,10,0
2166,7,0
2167,4,0
2168,8,0
2169,1,0
2170,1,0
2171,17,0
2172,2,0
2173,5,0
2174,4,0
2175,6,0
2176,5,0
2177,7,0
2178,0,0
2179,3,0
2180,38,0
2181,7,0
2182,4,0
2183,4,0
2184,5,0
2185,7,0
2186,6,0
2187,2,0
2188,26,0
2189,3,0
2190,0,0
2191,2,0
2192,7,0
2193,6,0
2194,4,0
2195,2,0
2196,21,0
2197,4,0
2198,0,0
2199,11,0
2200,0,0
2201,1,0
2202,19,0
2203,5,0
2204,0,0
2205,9,0
2206,3,0
2207,2,0
2208,6,0
2209,0,0
2210,8,0
2211,10,0
2212,1,0
2213,11,0
2214,5,0
2215,3,0
2216,2,0
2217,4,0
2218,13,0
2219,0,0
2220,1,0
2221,6,0
2222,4,0
2223,7,0
2224,5,0
2225,6,0
2226,6,0
2227,5,0
2228,5,0
2229,10,0
2230,0,0
2231,0,0
2232,7,0
2233,9,0
2234,1,0
2235,0,0
2236,24,0
2237,5,0
2238,6,0
2239,0,0
2240,0,0
2241,7,0
2242,6,0
2243,0,0
2244,13,0
2245,8,0
2246,9,0
2247,8,0
2248,8,0
2249,15,0
2250,0,0
2251,1,0
2252,0,0
2253,2,0
2254,7,0
2255,9,0
2256,13,0
2257,12,0
2258,2,0
2259,7,0
2260,5,0
2261,33,0
2262,10,0
2263,18,0
2264,8,0
2265,0,0
2266,13,0
2267,5,0
2268,2,0
2269,15,0
2270,7,0
2271,8,0
2272,3,0
2273,11,0
2274,5,0
2275,4,0
2276,20,0
2277,0,0
2278,2,0
2279,7,0
2280,10,0
2281,10,0
2282,3,0
2283,8,0
2284,2,0
2285,0,0
2286,2,0
2287,14,0
2288,9,0
2289,33,0
2290,2,0
2291,3,0
2292,13,0
2293,12,0
2294,8,0
2295,0,0
2296,11,0
2297,5,0
2298,3,0
2299,5,0
2300,0,0
2301,5,0
2302,25,0
2303,2,0
2304,0,0
2305,9,0
2306,2,0
2307,3,0
2308,13,0
2309,12,0
2310,18,0
2311,12,0
2312,28,0
2313,23,0
2314,16,0
2315,20,0
2316,10,0
2317,4,0
2318,18,0
2319,1,0
2320,6,0
2321,0,0
2322,10,0
2323,6,0
2324,15,0
2325,3,0
2326,0,0
2327,0,0
2328,0,0
2329,7,0
2330,4,0
2331,12,0
2332,0,0
2333,9,0
2334,8,0
2335,5,0
2336,7,0
2337,7,0
2338,10,0
2339,11,0
2340,7,0
2341,6,0
2342,10,0
2343,0,0
2344,2,0
2345,12,0
2346,2,0
2347,17,0
2348,7,0
2349,8,0
2350,14,0
2351,10,0
2352,8,0
2353,0,0
2354,12,0
2355,0,0
2356,8,0
2357,24,0
2358,6,0
2359,6,0
2360,5,0
2361,0,0
2362,9,0
2363,9,0
2364,0,0
2365,0,0
2366,0,0
2367,0,0
2368,4,0
2369,13,0
2370,13,0
2371,0,0
2372,0,0
2373,21,0
2374,7,0
2375,7,0
2376,12,0
2377,0,0
2378,20,0
2379,7,0
2380,1,0
2381,0,0
2382,7,0
2383,7,0
2384,2,0
2385,15,0
2386,8,0
2387,6,0
2388,4,0
2389,6,0
2390,0,0
2391,0,0
2392,16,0
2393,9,0
2394,9,0
2395,8,0
2396,11,0
2397,0,0
2398,5,0
2399,26,0
2400,5,0
2401,24,0
2402,21,0
2403,0,0
2404,12,0
2405,5,0
2406,11,0
2407,10,0
2408,20,0
2409,0,0
2410,0,0
2411,39,0
2412,0,0
2413,27,0
2414,22,0
2415,33,0
2416,0,0
2417,4,0
2418,19,0
2419,16,0
2420,3,0
2421,8,0
2422,0,0
2423,19,0
2424,15,0
2425,0,0
2426,23,0
2427,0,0
2428,8,0
2429,21,0
2430,0,0
2431,0,0
2432,11,0
2433,0,0
2434,0,0
2435,15,0
2436,0,0
2437,10,0
2438,26,0
2439,8,0
2440,2,0
2441,15,0
2442,0,0
2443,0,0
2444,23,0
2445,25,0
2446,14,0
2447,23,0
2448,0,0
2449,21,0
2450,0,0
2451,16,0
2452,27,0
2453,0,0
2454,8,0
2455,0,0
2456,7,0
2457,4,0
2458,19,0
2459,10,0
2460,5,0
2461,10,0
2462,13,0
2463,0,0
2464,0,0
2465,14,0
2466,15,0
2467,7,0
2468,6,0
2469,0,0
2470,13,0
2471,28,0
2472,10,0
2473,24,0
2474,0,0
2475,0,0
2476,30,0
2477,5,0
2478,16,0
2479,0,0
2480,18,0
2481,5,0
2482,33,0
2483,0,0
2484,14,0
2485,0,0
2486,0,0
2487,0,0
2488,0,0
2489,0,0
2490,0,0
2491,11,0
2492,0,0
2493,0,0
2494,43,0
2495,34,0
2496,48,0
2497,36,0
2498,18,0
2499,20,0
2500,17,0
2501,0,0
2502,15,0
2503,14,0
2504,21,0
2505,15,0
2506,9,0
2507,10,0
2508,12,0
2509,0,0
2510,17,0
2511,0,0
2512,14,0
2513,19,0
2514,14,0
2515,15,0
2516,0,0
2517,12,0
2518,0,0
2519,28,0
2520,8,0
2521,20,0
2522,3,0
2523,9,0
2524,4,0
2525,28,0
2526,27,0
2527,0,0
2528,6,0
2529,29,0
2530,11,0
2531,9,0
2532,8,0
2533,36,0
2534,5,0
2535,21,0
2536,3,0
2537,0,0
2538,0,0
2539,22,0
2540,0,0
2541,17,0
2542,2,0
2543,0,0
2544,10,0
2545,0,0
2546,9,0
2547,3,0
2548,0,0
2549,29,0
2550,10,0
2551,13,0
2552,13,0
2553,3,0
2554,0,0
2555,0,0
2556,18,0
2557,12,0
2558,0,0
2559,16,0
2560,4,0
2561,0,0
2562,2,0
2563,19,0
2564,0,0
2565,14,0
2566,14,0
2567,4,0
2568,0,0
2569,13,0
2570,20,0
2571,0,0
2572,0,0
2573,0,0
2574,10,0
2575,1,0
2576,0,0
2577,0,0
2578,12,0
2579,0,0
2580,9,0
2581,38,0
2582,6,0
2583,8,0
2584,9,0
2585,28,0
2586,3,0
2587,13,0
2588,13,0
2589,10,0
2590,9,0
2591,13,0
2592,37,0
2593,12,0
2594,3,0
2595,0,0
2596,4,0
2597,11,0
2598,6,0
2599,20,0
2600,5,0
2601,0,0
2602,9,0
2603,3,0
2604,0,0
2605,8,0
2606,4,0
2607,0,0
2608,12,0
2609,2,0
2610,12,0
2611,6,0
2612,0,0
2613,0,0
2614,4,0
2615,0,0
2616,1,0
2617,0,0
2618,9,0
2619,18,0
2620,4,0
2621,6,0
2622,4,0
2623,22,0
2624,16,0
2625,0,0
2626,13,0
2627,0,0
2628,3,0
2629,15,0
2630,0,0
2631,8,0
2632,17,0
2633,0,0
2634,7,0
2635,0,0
2636,10,0
2637,0,0
2638,2,0
2639,4,0
2640,4,0
2641,14,0
2642,0,0
2643,0,0
2644,7,0
2645,4,0
2646,8,0
2647,26,0
2648,15,0
2649,10,0
2650,0,0
2651,0,0
2652,31,0
2653,5,0
2654,26,0
2655,6,0
2656,4,0
2657,17,0
2658,9,0
2659,14,0
2660,10,0
2661,4,0
2662,8,0
2663,1,0
2664,10,0
2665,6,0
2666,0,0
2667,1,0
2668,8,0
2669,0,0
2670,0,0
2671,5,0
2672,0,0
2673,9,0
2674,14,0
2675,17,0
2676,0,0
2677,4,0
2678,11,0
2679,3,0
2680,1,0
2681,0,0
2682,3,0
2683,7,0
2684,22,0
2685,0,0
2686,16,0
2687,7,0
2688,6,0
2689,7,0
2690,0,0
2691,10,0
2692,10,0
2693,2,0
2694,0,0
2695,13,0
2696,13,0
2697,4,0
2698,4,0
2699,14,0
2700,0,0
2701,2,0
2702,7,0
2703,2,0
2704,17,0
2705,6,0
2706,0,0
2707,8,0
2708,18,0
2709,8,0
2710,5,0
2711,8,0
2712,3,0
2713,8,0
2714,6,0
2715,8,0
2716,6,0
2717,6,0
2718,13,0
2719,7,0
2720,3,0
2721,41,0
2722,0,0
2723,8,0
2724,0,0
2725,19,0
2726,0,0
2727,38,0
2728,2,0
2729,31,0
2730,0,0
2731,12,0
2732,3,0
2733,0,0
2734,16,0
2735,11,0
2736,23,0
2737,0,0
2738,9,0
2739,12,0
2740,6,0
2741,18,0
2742,22,0
2743,12,0
2744,2,0
2745,4,0
2746,11,0
2747,3,0
2748,4,0
2749,18,0
2750,16,0
2751,6,0
2752,0,0
2753,0,0
2754,7,0
2755,12,0
2756,12,0
2757,19,0
2758,9,0
2759,5,0
2760,3,0
2761,1,0
2762,10,0
2763,12,0
2764,0,0
2765,12,0
2766,1,0
2767,2,0
2768,0,0
2769,17,0
2770,11,0
2771,4,0
2772,0,0
2773,0,0
2774,0,0
2775,5,0
2776,18,0
2777,9,0
2778,6,0
2779,13,0
2780,11,0
2781,5,0
2782,3,0
2783,11,0
2784,0,0
2785,10,0
2786,6,0
2787,0,0
2788,0,0
2789,11,0
2790,32,0
2791,0,0
2792,0,0
2793,6,0
2794,23,0
2795,10,0
2796,9,0
2797,0,0
2798,7,0
2799,12,0
2800,0,0
2801,1,0
2802,0,0
2803,17,0
2804,9,0
2805,0,0
2806,4,0
2807,2,0
2808,8,0
2809,10,0
2810,9,0
2811,3,0
2812,0,0
2813,4,0
2814,10,0
2815,3,0
2816,12,0
2817,13,0
2818,8,0
2819,19,0
2820,2,0
2821,5,0
2822,9,0
2823,46,0
2824,7,0
2825,0,0
2826,0,0
2827,12,0
2828,0,0
2829,16,0
2830,0,0
2831,9,0
2832,11,0
2833,6,0
2834,5,0
2835,0,0
2836,5,0
2837,2,0
2838,2,0
2839,1,0
2840,8,0
2841,4,0
2842,5,0
2843,4,0
2844,4,0
2845,25,0
2846,11,0
2847,11,0
2848,3,0
2849,17,0
2850,24,0
2851,0,0
2852,3,0
2853,7,0
2854,12,0
2855,6,0
2856,6,0
2857,3,0
2858,11,0
2859,11,0
2860,1,0
2861,1,0
2862,0,0
2863,5,0
2864,7,0
2865,3,0
2866,5,0
2867,0,0
2868,6,0
2869,5,0
2870,18,0
2871,16,0
2872,0,0
2873,10,0
2874,13,0
2875,24,0
2876,8,0
2877,17,0
2878,43,0
2879,3,0
2880,4,0
2881,6,0
2882,8,0
2883,23,0
2884,39,0
2885,9,0
2886,7,0
2887,4,0
2888,7,0
2889,32,0
2890,18,0
2891,4,0
2892,4,0
2893,3,0
2894,3,0
2895,16,0
2896,18,0
2897,4,0
2898,0,0
2899,4,0
2900,2,0
2901,8,0
2902,12,0
2903,9,0
2904,6,0
2905,5,0
2906,22,0
2907,0,0
2908,12,0
2909,12,0
2910,14,0
2911,3,0
2912,4,0
2913,11,0
2914,20,0
2915,4,0
2916,4,0
2917,9,0
2918,27,0
2919,9,0
2920,9,0
2921,23,0
2922,7,0
2923,6,0
2924,0,0
2925,4,0
2926,5,0
2927,8,0
2928,6,0
2929,0,0
2930,11,0
2931,4,0
2932,18,0
2933,8,0
2934,1,0
2935,10,0
2936,0,0
2937,0,0
2938,0,0
2939,20,0
2940,55,0
2941,2,0
2942,10,0
2943,2,0
2944,24,0
2945,0,0
2946,0,0
2947,4,0
2948,42,0
2949,2,0
2950,4,0
2951,16,0
2952,15,0
2953,14,0
2954,4,0
2955,0,0
2956,6,0
2957,1,0
2958,1,0
2959,0,0
2960,27,0
2961,8,0
2962,10,0
2963,4,0
2964,16,0
2965,19,0
2966,4,0
2967,3,0
2968,0,0
2969,0,0
2970,3,0
2971,24,0
2972,4,0
2973,10,0
2974,0,0
2975,7,0
2976,32,0
2977,4,0
2978,10,0
2979,4,0
2980,6,0
2981,19,0
2982,0,0
2983,18,0
2984,4,0
2985,2,0
2986,6,0
2987,16,0
2988,4,0
2989,5,0
2990,0,0
2991,4,0
2992,3,0
2993,10,0
2994,4,0
2995,51,0
2996,4,0
2997,8,0
2998,7,0
2999,4,0
3000,0,0
3001,30,0
3002,17,0
3003,0,0
3004,0,0
3005,12,0
3006,3,0
3007,18,0
3008,0,0
3009,11,0
3010,16,0
3011,9,0
3012,0,0
3013,6,0
3014,0,0
3015,7,0
3016,1,0
3017,20,0
3018,6,0
3019,25,0
3020,16,0
3021,12,0
3022,0,0
3023,13,0
3024,7,0
3025,39,0
3026,0,0
3027,0,0
3028,6,0
3029,0,0
3030,0,0
3031,28,0
3032,29,0
3033,0,0
3034,19,0
3035,27,0
3036,31,0
3037,12,0
3038,21,0
3039,1,0
3040,8,0
3041,10,0
3042,0,0
3043,12,0
3044,9,0
3045,16,0
3046,14,0
3047,9,0
3048,0,0
3049,2,0
3050,15,0
3051,10,0
3052,31,0
3053,16,0
3054,4,0
3055,23,0
3056,8,0
3057,12,0
3058,0,0
3059,37,0
3060,20,0
3061,16,0
3062,5,0
3063,3,0
3064,5,0
3065,35,0
3066,18,0
3067,0,0
3068,12,0
3069,35,0
3070,0,0
3071,6,0
3072,19,0
3073,1,0
3074,12,0
3075,7,0
3076,0,0
3077,0,0
3078,4,0
3079,0,0
3080,21,0
3081,3,0
3082,2,0
3083,21,0
3084,7,0
3085,7,0
3086,0,0
3087,18,0
3088,31,0
3089,0,0
3090,3,0
3091,21,0
3092,9,0
3093,12,0
3094,44,0
3095,10,0
3096,12,0
3097,0,0
3098,4,0
3099,23,0
3100,0,0
3101,0,0
3102,0,0
3103,10,0
3104,4,0
3105,9,0
3106,7,0
3107,36,0
3108,26,0
3109,5,0
3110,7,0
3111,25,0
3112,0,0
3113,11,0
3114,29,0
3115,11,0
3116,20,0
3117,0,0
3118,9,0
3119,0,0
3120,29,0
3121,0,0
3122,39,0
3123,14,0
3124,18,0
3125,0,0
3126,0,0
3127,0,0
3128,0,0
3129,0,0
3130,23,0
3131,0,0
3132,11,0
3133,3,0
3134,0,0
3135,0,0
3136,0,0
3137,27,0
3138,22,0
3139,9,0
3140,22,0
3141,7,0
3142,5,0
3143,0,0
3144,12,0
3145,31,0
3146,0,0
3147,0,0
3148,0,0
3149,0,0
3150,0,0
3151,34,0
3152,20,0
3153,19,0
3154,10,0
3155,0,0
3156,9,0
3157,17,0
3158,0,0
3159,13,0
3160,10,0
3161,5,0
3162,0,0
3163,45,0
3164,21,0
3165,44,0
3166,29,0
3167,27,0
3168,15,0
3169,52,0
3170,13,0
3171,2,0
3172,5,0
3173,22,0
3174,10,0
3175,0,0
3176,0,0
3177,14,0
3178,1,0
3179,0,0
3180,10,0
3181,39,0
3182,10,0
3183,15,0
3184,9,0
3185,0,0
3186,9,0
3187,0,0
3188,35,0
3189,0,0
3190,22,0
3191,0,0
3192,0,0
3193,0,0
3194,16,0
3195,9,0
3196,7,0
3197,30,0
3198,0,0
3199,25,0
3200,10,0
3201,22,0
3202,9,0
3203,5,0
3204,9,0
3205,0,0
3206,0,0
3207,6,0
3208,0,0
3209,10,0
3210,0,0
3211,0,0
3212,0,0
3213,14,0
3214,30,0
3215,15,0
3216,7,0
3217,9,0
3218,0,0
3219,0,0
3220,5,0
3221,8,0
3222,6,0
3223,24,0
3224,12,0
3225,11,0
3226,0,0
3227,0,0
3228,0,0
3229,1,0
3230,7,0
3231,10,0
3232,0,0
3233,38,0
3234,24,0
3235,16,0
3236,8,0
3237,4,0
3238,0,0
3239,11,0
3240,9,0
3241,16,0
3242,13,0
3243,5,0
3244,0,0
3245,1,0
3246,5,0
3247,9,0
3248,3,0
3249,10,0
3250,1,0
3251,0,0
3252,4,0
3253,0,0
3254,3,0
3255,28,0
3256,0,0
3257,1,0
3258,0,0
3259,0,0
3260,0,0
3261,0,0
3262,18,0
3263,15,0
3264,15,0
3265,7,0
3266,4,0
3267,12,0
3268,3,0
3269,7,0
3270,27,0
3271,39,0
3272,0,0
3273,0,0
3274,3,0
3275,0,0
3276,3,0
3277,0,0
3278,18,0
3279,2,0
3280,1,0
3281,7,0
3282,0,0
3283,5,0
3284,13,0
3285,11,0
3286,3,0
3287,0,0
3288,28,0
3289,0,0
3290,5,0
3291,8,0
3292,7,0
3293,0,0
3294,11,0
3295,35,0
3296,16,0
3297,0,0
3298,11,0
3299,2,0
3300,7,0
3301,5,0
3302,1,0
3303,2,0
3304,6,0
3305,14,0
3306,18,0
3307,15,0
3308,12,0
3309,14,0
3310,7,0
3311,12,0
3312,0,0
3313,0,0
3314,0,0
3315,9,0
3316,22,0
3317,3,0
3318,5,0
3319,12,0
3320,0,0
3321,7,0
3322,8,0
3323,3,0
3324,0,0
3325,9,0
3326,0,0
3327,7,0
3328,1,0
3329,5,0
3330,0,0
3331,0,0
3332,13,0
3333,2,0
3334,0,0
3335,7,0
3336,5,0
3337,9,0
3338,6,0
3339,10,0
3340,8,0
3341,1,0
3342,13,0
3343,0,0
3344,0,0
3345,0,0
3346,12,0
3347,10,0
3348,5,0
3349,2,0
3350,13,0
3351,3,0
3352,5,0
3353,4,0
3354,25,0
3355,5,0
3356,0,0
3357,7,0
3358,7,0
3359,16,0
3360,6,0
3361,3,0
3362,0,0
3363,2,0
3364,3,0
3365,0,0
3366,1,0
3367,12,0
3368,0,0
3369,0,0
3370,2,0
3371,7,0
3372,28,0
3373,9,0
3374,0,0
3375,17,0
3376,0,0
3377,0,0
3378,19,0
3379,3,0
3380,9,0
3381,19,0
3382,6,0
3383,27,0
3384,4,0
3385,0,0
3386,0,0
3387,0,0
3388,6,0
3389,1,0
3390,12,0
3391,8,0
3392,24,0
3393,0,0
3394,0,0
3395,6,0
3396,10,0
3397,14,0
3398,0,0
3399,11,0
3400,4,0
3401,5,0
3402,4,0
3403,10,0
3404,5,0
3405,3,0
3406,4,0
3407,11,0
3408,24,0
3409,7,0
3410,6,0
3411,2,0
3412,1,0
3413,7,0
3414,2,0
3415,20,0
3416,19,0
3417,6,0
3418,7,0
3419,27,0
3420,6,0
3421,4,0
3422,0,0
3423,15,0
3424,22,0
3425,6,0
3426,22,0
3427,9,0
3428,1,0
3429,7,0
3430,7,0
3431,5,0
3432,4,0
3433,2,0
3434,0,0
3435,4,0
3436,9,0
3437,12,0
3438,4,0
3439,29,0
3440,9,0
3441,6,0
3442,8,0
3443,4,0
3444,5,0
3445,0,0
3446,6,0
3447,9,0
3448,13,0
3449,1,0
3450,0,0
3451,2,0
3452,9,0
3453,9,0
3454,3,0
3455,4,0
3456,20,0
3457,31,0
3458,8,0
3459,4,0
3460,8,0
3461,5,0
3462,2,0
3463,17,0
3464,3,0
3465,5,0
3466,9,0
3467,0,0
3468,6,0
3469,9,0
3470,7,0
3471,9,0
3472,1,0
3473,17,0
3474,23,0
3475,2,0
3476,12,0
3477,0,0
3478,13,0
3479,12,0
3480,4,0
3481,15,0
3482,5,0
3483,8,0
3484,3,0
3485,4,0
3486,5,0
3487,0,0
3488,9,0
3489,0,0
3490,6,0
3491,5,0
3492,8,0
3493,5,0
3494,6,0
3495,11,0
3496,13,0
3497,8,0
3498,5,0
3499,2,0
3500,4,0
3501,11,0
3502,9,0
3503,5,0
3504,4,0
3505,0,0
3506,9,0
3507,4,0
3508,16,0
3509,9,0
3510,15,0
3511,1,0
3512,10,0
3513,8,0
3514,0,0
3515,8,0
3516,2,0
3517,2,0
3518,35,0
3519,6,0
3520,8,0
3521,12,0
3522,3,0
3523,4,0
3524,9,0
3525,5,0
3526,7,0
3527,5,0
3528,11,0
3529,8,0
3530,6,0
3531,5,0
3532,46,0
3533,4,0
3534,2,0
3535,3,0
3536,6,0
3537,3,0
3538,3,0
3539,0,0
3540,4,0
3541,4,0
3542,0,0
3543,14,0
3544,22,0
3545,3,0
3546,3,0
3547,10,0
3548,9,0
3549,5,0
3550,0,0
3551,2,0
3552,2,0
3553,4,0
3554,9,0
3555,11,0
3556,11,0
3557,8,0
3558,0,0
3559,1,0
3560,6,0
3561,0,0
3562,9,0
3563,5,0
3564,5,0
3565,3,0
3566,4,0
3567,5,0
3568,9,0
3569,2,0
3570,4,0
3571,4,0
3572,17,0
3573,3,0
3574,13,0
3575,5,0
3576,5,0
3577,7,0
3578,0,0
3579,4,0
3580,4,0
3581,5,0
3582,4,0
3583,5,0
3584,6,0
3585,7,0
3586,8,0
3587,4,0
3588,19,0
3589,16,0
3590,0,0
3591,5,0
3592,7,0
3593,3,0
3594,5,0
3595,4,0
3596,4,0
3597,10,0
3598,2,0
3599,2,0
3600,0,0
3601,6,0
3602,15,0
3603,11,0
3604,4,0
3605,0,0
3606,10,0
3607,1,0
3608,26,0
3609,0,0
3610,13,0
3611,14,0
3612,8,0
3613,7,0
3614,15,0
3615,0,0
3616,0,0
3617,0,0
3618,12,0
3619,6,0
3620,6,0
3621,36,0
3622,6,0
3623,16,0
3624,15,0
3625,13,0
3626,19,0
3627,7,0
3628,0,0
3629,4,0
3630,2,0
3631,15,0
3632,12,0
3633,6,0
3634,6,0
3635,1,0
3636,3,0
3637,10,0
3638,0,0
3639,32,0
3640,22,0
3641,0,0
3642,6,0
3643,17,0
3644,9,0
3645,22,0
3646,10,0
3647,22,0
3648,3,0
3649,3,0
3650,7,0
3651,6,0
3652,27,0
3653,2,0
3654,9,0
3655,0,0
3656,5,0
3657,24,0
3658,28,0
3659,0,0
3660,17,0
3661,0,0
3662,1,0
3663,3,0
3664,7,0
3665,20,0
3666,7,0
3667,7,0
3668,4,0
3669,17,0
3670,0,0
3671,7,0
3672,4,0
3673,4,0
3674,17,0
3675,14,0
3676,0,0
3677,14,0
3678,0,0
3679,0,0
3680,37,0
3681,15,0
3682,19,0
3683,18,0
3684,17,0
3685,15,0
3686,0,0
3687,9,0
3688,3,0
3689,42,0
3690,3,0
3691,9,0
3692,21,0
3693,0,0
3694,6,0
3695,0,0
3696,12,0
3697,5,0
3698,7,0
3699,4,0
3700,12,0
3701,2,0
3702,37,0
3703,0,0
3704,0,0
3705,15,0
3706,8,0
3707,9,0
3708,4,0
3709,0,0
3710,4,0
3711,0,0
3712,2,0
3713,5,0
3714,7,0
3715,10,0
3716,12,0
3717,7,0
3718,4,0
3719,0,0
3720,2,0
3721,13,0
3722,13,0
3723,8,0
3724,1,0
3725,6,0
3726,23,0
3727,24,0
3728,2,0
3729,19,0
3730,0,0
3731,21,0
3732,0,0
3733,11,0
3734,53,0
3735,15,0
3736,11,0
3737,9,0
3738,8,0
3739,10,0
3740,21,0
3741,50,0
3742,3,0
3743,10,0
3744,12,0
3745,11,0
3746,2,0
3747,7,0
3748,1,0
3749,13,0
3750,0,0
3751,18,0
3752,11,0
3753,0,0
3754,21,0
3755,0,0
3756,10,0
3757,34,0
3758,22,0
3759,3,0
3760,2,0
3761,5,0
3762,6,0
3763,4,0
3764,3,0
3765,11,0
3766,19,0
3767,3,0
3768,0,0
3769,22,0
3770,0,0
3771,0,0
3772,10,0
3773,20,0
3774,28,0
3775,6,0
3776,20,0
3777,47,0
3778,14,0
3779,12,0
3780,2,0
3781,9,0
3782,30,0
3783,9,0
3784,17,0
3785,6,0
3786,0,0
3787,36,0
3788,0,0
3789,5,0
3790,4,0
3791,0,0
3792,10,0
3793,4,0
3794,2,0
3795,0,0
3796,21,0
3797,7,0
3798,3,0
3799,0,0
3800,3,0
3801,14,0
3802,1,0
3803,0,0
3804,14,0
3805,1,0
3806,16,0
3807,0,0
3808,0,0
3809,0,0
3810,6,0
3811,12,0
3812,1,0
3813,10,0
3814,7,0
3815,4,0
3816,9,0
3817,9,0
3818,6,0
3819,0,0
3820,17,0
3821,0,0
3822,17,0
3823,32,0
3824,4,0
3825,0,0
3826,31,0
3827,9,0
3828,0,0
3829,13,0
3830,13,0
3831,17,0
3832,1,0
3833,9,0
3834,6,0
3835,0,0
3836,14,0
3837,8,0
3838,17,0
3839,11,0
3840,0,0
3841,1,0
3842,0,0
3843,8,0
3844,29,0
3845,1,0
3846,0,0
3847,11,0
3848,24,0
3849,0,0
3850,0,0
3851,7,0
3852,4,0
3853,11,0
3854,4,0
3855,8,0
3856,7,0
3857,0,0
3858,17,0
3859,5,0
3860,0,0
3861,9,0
3862,9,0
3863,0,0
3864,0,0
3865,16,0
3866,9,0
3867,7,0
3868,12,0
3869,0,0
3870,0,0
3871,4,0
3872,9,0
3873,0,0
3874,3,0
3875,10,0
3876,11,0
3877,0,0
3878,5,0
3879,10,0
3880,7,0
3881,10,0
3882,10,0
3883,7,0
3884,0,0
3885,6,0
3886,9,0
3887,2,0
3888,3,0
3889,14,0
3890,2,0
3891,1,0
3892,6,0
3893,4,0
3894,4,0
3895,12,0
3896,8,0
3897,20,0
3898,8,0
3899,16,0
3900,13,0
3901,10,0
3902,2,0
3903,24,0
3904,6,0
3905,10,0
3906,8,0
3907,1,0
3908,14,0
3909,7,0
3910,1,0
3911,8,0
3912,0,0
3913,26,0
3914,7,0
3915,0,0
3916,17,0
3917,26,0
3918,0,0
3919,0,0
3920,9,0
3921,17,0
3922,10,0
3923,0,0
3924,12,0
3925,5,0
3926,5,0
3927,0,0
3928,5,0
3929,0,0
3930,10,0
3931,25,0
3932,3,0
3933,5,0
3934,5,0
3935,0,0
3936,0,0
3937,0,0
3938,12,0
3939,22,0
3940,11,0
3941,6,0
3942,0,0
3943,0,0
3944,0,0
3945,17,0
3946,33,0
3947,5,0
3948,1,0
3949,17,0
3950,5,0
3951,18,0
3952,0,0
3953,3,0
3954,0,0
3955,0,0
3956,0,0
3957,6,0
3958,3,0
3959,3,0
3960,16,0
3961,31,0
3962,0,0
3963,6,0
3964,4,0
3965,19,0
3966,31,0
3967,8,0
3968,17,0
3969,0,0
3970,5,0
3971,2,0
3972,13,0
3973,0,0
3974,16,0
3975,0,0
3976,13,0
3977,0,0
3978,6,0
3979,8,0
3980,0,0
3981,3,0
3982,9,0
3983,18,0
3984,18,0
3985,0,0
3986,18,0
3987,18,0
3988,8,0
3989,14,0
3990,12,0
3991,0,0
3992,0,0
3993,16,0
3994,28,0
3995,0,0
3996,5,0
3997,0,0
3998,7,0
3999,0,0
