id,good,bad
0,9,9
1,35,35
2,0,0
3,1,1
4,10,10
5,9,9
6,8,8
7,4,4
8,2,2
9,3,3
10,0,0
11,0,0
12,20,20
13,0,0
14,18,18
15,14,14
16,8,8
17,8,8
18,22,22
19,7,7
20,1,1
21,0,0
22,4,4
23,9,9
24,5,5
25,8,8
26,9,9
27,22,22
28,3,3
29,8,8
30,6,6
31,0,0
32,7,7
33,12,12
34,7,7
35,20,20
36,10,10
37,6,6
38,3,3
39,6,6
40,4,4
41,6,6
42,3,3
43,8,8
44,11,11
45,0,0
46,4,4
47,3,3
48,12,12
49,9,9
50,12,12
51,2,2
52,0,0
53,2,2
54,4,4
55,6,6
56,6,6
57,8,8
58,4,4
59,0,0
60,0,0
61,12,12
62,0,0
63,11,11
64,21,21
65,2,2
66,7,7
67,12,12
68,5,5
69,4,4
70,10,10
71,0,0
72,11,11
73,0,0
74,0,0
75,7,7
76,19,19
77,0,0
78,5,5
79,0,0
80,17,17
81,2,2
82,9,9
83,1,1
84,1,1
85,3,3
86,2,2
87,5,5
88,4,4
89,12,12
90,8,8
91,5,5
92,8,8
93,7,7
94,20,20
95,0,0
96,2,2
97,6,6
98,19,19
99,0,0
100,4,4
101,3,3
102,0,0
103,3,3
104,14,14
105,4,4
106,7,7
107,0,0
108,20,20
109,3,3
110,10,10
111,7,7
112,3,3
113,0,0
114,5,5
115,14,14
116,6,6
117,4,4
118,22,22
119,6,6
120,10,10
121,11,11
122,0,0
123,10,10
124,0,0
125,10,10
126,5,5
127,31,31
128,9,9
129,0,0
130,0,0
131,0,0
132,0,0
133,5,5
134,0,0
135,6,6
136,5,5
137,12,12
138,3,3
139,10,10
140,3,3
141,0,0
142,4,4
143,5,5
144,15,15
145,4,4
146,0,0
147,0,0
148,0,0
149,5,5
150,0,0
151,10,10
152,1,1
153,7,7
154,21,21
155,19,19
156,25,25
157,14,14
158,1,1
159,0,0
160,24,24
161,0,0
162,4,4
163,18,18
164,6,6
165,3,3
166,4,4
167,0,0
168,7,7
169,8,8
170,3,3
171,6,6
172,0,0
173,10,10
174,4,4
175,10,10
176,10,10
177,14,14
178,0,0
179,22,22
180,0,0
181,12,12
182,4,4
183,5,5
184,13,13
185,9,9
186,0,0
187,29,29
188,0,0
189,6,6
190,21,21
191,0,0
192,13,13
193,8,8
194,3,3
195,7,7
196,26,26
197,2,2
198,0,0
199,0,0
200,16,16
201,0,0
202,20,20
203,2,2
204,0,0
205,0,0
206,0,0
207,1,1
208,19,19
209,1,1
210,8,8
211,9,9
212,11,11
213,18,18
214,14,14
215,2,2
216,7,7
217,7,7
218,0,0
219,2,2
220,8,8
221,4,4
222,9,9
223,20,20
224,8,8
225,8,8
226,1,1
227,3,3
228,14,14
229,1,1
230,14,14
231,4,4
232,6,6
233,5,5
234,12,12
235,0,0
236,14,14
237,10,10
238,11,11
239,20,20
240,30,30
241,30,30
242,6,6
243,10,10
244,0,0
245,0,0
246,0,0
247,0,0
248,0,0
249,7,7
250,31,31
251,0,0
252,22,22
253,11,11
254,5,5
255,1,1
256,4,4
257,0,0
258,0,0
259,17,17
260,37,37
261,0,0
262,0,0
263,3,3
264,3,3
265,5,5
266,2,2
267,0,0
268,0,0
269,3,3
270,6,6
271,1,1
272,9,9
273,2,2
274,24,24
275,3,3
276,11,11
277,0,0
278,5,5
279,3,3
280,13,13
281,26,26
282,2,2
283,14,14
284,19,19
285,6,6
286,4,4
287,0,0
288,9,9
289,19,19
290,9,9
291,4,4
292,5,5
293,32,32
294,0,0
295,11,11
296,0,0
297,16,16
298,4,4
299,0,0
300,14,14
301,16,16
302,6,6
303,6,6
304,20,20
305,2,2
306,8,8
307,12,12
308,3,3
309,9,9
310,2,2
311,18,18
312,10,10
313,2,2
314,3,3
315,26,26
316,3,3
317,9,9
318,0,0
319,4,4
320,15,15
321,0,0
322,6,6
323,11,11
324,0,0
325,1,1
326,4,4
327,17,17
328,5,5
329,0,0
330,5,5
331,13,13
332,13,13
333,3,3
334,0,0
335,0,0
336,2,2
337,2,2
338,6,6
339,0,0
340,0,0
341,5,5
342,0,0
343,12,12
344,9,9
345,5,5
346,15,15
347,18,18
348,13,13
349,3,3
350,0,0
351,2,2
352,1,1
353,4,4
354,8,8
355,0,0
356,80,80
357,0,0
358,15,15
359,6,6
360,5,5
361,0,0
362,19,19
363,5,5
364,0,0
365,4,4
366,17,17
367,11,11
368,3,3
369,2,2
370,3,3
371,8,8
372,0,0
373,16,16
374,4,4
375,28,28
376,4,4
377,5,5
378,17,17
379,0,0
380,5,5
381,0,0
382,5,5
383,6,6
384,6,6
385,30,30
386,0,0
387,0,0
388,7,7
389,3,3
390,0,0
391,0,0
392,0,0
393,6,6
394,11,11
395,23,23
396,6,6
397,6,6
398,7,7
399,21,21
400,0,0
401,14,14
402,40,40
403,0,0
404,17,17
405,74,74
406,14,14
407,11,11
408,0,0
409,1,1
410,0,0
411,0,0
412,18,18
413,8,8
414,3,3
415,5,5
416,0,0
417,9,9
418,0,0
419,16,16
420,0,0
421,12,12
422,17,17
423,0,0
424,9,9
425,18,18
426,10,10
427,0,0
428,0,0
429,0,0
430,32,32
431,0,0
432,0,0
433,0,0
434,4,4
435,0,0
436,0,0
437,1,1
438,0,0
439,31,31
440,0,0
441,0,0
442,0,0
443,24,24
444,0,0
445,0,0
446,26,26
447,12,12
448,14,14
449,0,0
450,30,30
451,0,0
452,0,0
453,7,7
454,22,22
455,0,0
456,0,0
457,31,31
458,2,2
459,0,0
460,0,0
461,8,8
462,0,0
463,4,4
464,8,8
465,31,31
466,10,10
467,0,0
468,21,21
469,0,0
470,12,12
471,20,20
472,1,1
473,30,30
474,12,12
475,0,0
476,6,6
477,0,0
478,5,5
479,3,3
480,0,0
481,30,30
482,0,0
483,24,24
484,2,2
485,35,35
486,0,0
487,43,43
488,0,0
489,0,0
490,2,2
491,39,39
492,0,0
493,1,1
494,7,7
495,38,38
496,0,0
497,0,0
498,5,5
499,0,0
500,17,17
501,0,0
502,7,7
503,17,17
504,0,0
505,48,48
506,18,18
507,6,6
508,17,17
509,9,9
510,3,3
511,0,0
512,0,0
513,21,21
514,18,18
515,0,0
516,7,7
517,0,0
518,1,1
519,15,15
520,7,7
521,22,22
522,0,0
523,0,0
524,0,0
525,16,16
526,0,0
527,17,17
528,0,0
529,0,0
530,4,4
531,8,8
532,2,2
533,8,8
534,16,16
535,0,0
536,9,9
537,7,7
538,0,0
539,16,16
540,0,0
541,8,8
542,20,20
543,11,11
544,42,42
545,17,17
546,33,33
547,10,10
548,11,11
549,15,15
550,22,22
551,0,0
552,0,0
553,0,0
554,23,23
555,0,0
556,0,0
557,2,2
558,0,0
559,17,17
560,7,7
561,14,14
562,36,36
563,0,0
564,16,16
565,0,0
566,4,4
567,16,16
568,2,2
569,19,19
570,19,19
571,19,19
572,0,0
573,3,3
574,0,0
575,24,24
576,0,0
577,12,12
578,0,0
579,0,0
580,12,12
581,0,0
582,0,0
583,0,0
584,0,0
585,25,25
586,16,16
587,14,14
588,4,4
589,50,50
590,4,4
591,0,0
592,18,18
593,3,3
594,3,3
595,0,0
596,0,0
597,1,1
598,8,8
599,0,0
600,31,31
601,0,0
602,0,0
603,22,22
604,12,12
605,0,0
606,0,0
607,6,6
608,15,15
609,19,19
610,0,0
611,12,12
612,25,25
613,0,0
614,0,0
615,0,0
616,9,9
617,0,0
618,0,0
619,0,0
620,0,0
621,0,0
622,25,25
623,0,0
624,11,11
625,5,5
626,15,15
627,16,16
628,0,0
629,0,0
630,37,37
631,24,24
632,14,14
633,0,0
634,12,12
635,25,25
636,5,5
637,36,36
638,15,15
639,13,13
640,16,16
641,47,47
642,0,0
643,19,19
644,28,28
645,0,0
646,29,29
647,0,0
648,12,12
649,0,0
650,0,0
651,12,12
652,9,9
653,9,9
654,28,28
655,14,14
656,0,0
657,3,3
658,1,1
659,22,22
660,9,9
661,0,0
662,11,11
663,0,0
664,3,3
665,18,18
666,18,18
667,4,4
668,4,4
669,21,21
670,10,10
671,48,48
672,12,12
673,7,7
674,20,20
675,25,25
676,5,5
677,31,31
678,18,18
679,6,6
680,0,0
681,0,0
682,10,10
683,28,28
684,0,0
685,19,19
686,11,11
687,14,14
688,12,12
689,31,31
690,3,3
691,19,19
692,0,0
693,29,29
694,0,0
695,0,0
696,9,9
697,0,0
698,0,0
699,11,11
700,21,21
701,12,12
702,1,1
703,20,20
704,9,9
705,19,19
706,27,27
707,19,19
708,0,0
709,9,9
710,0,0
711,14,14
712,0,0
713,0,0
714,4,4
715,2,2
716,50,50
717,0,0
718,10,10
719,0,0
720,20,20
721,0,0
722,0,0
723,4,4
724,0,0
725,0,0
726,2,2
727,7,7
728,0,0
729,6,6
730,11,11
731,7,7
732,6,6
733,7,7
734,7,7
735,0,0
736,0,0
737,9,9
738,19,19
739,11,11
740,32,32
741,20,20
742,13,13
743,46,46
744,11,11
745,23,23
746,15,15
747,22,22
748,6,6
749,0,0
750,11,11
751,0,0
752,0,0
753,2,2
754,0,0
755,14,14
756,0,0
757,36,36
758,0,0
759,0,0
760,0,0
761,8,8
762,39,39
763,19,19
764,7,7
765,0,0
766,37,37
767,0,0
768,0,0
769,0,0
770,0,0
771,32,32
772,0,0
773,30,30
774,20,20
775,1,1
776,10,10
777,0,0
778,0,0
779,0,0
780,14,14
781,4,4
782,20,20
783,0,0
784,18,18
785,11,11
786,4,4
787,14,14
788,0,0
789,26,26
790,3,3
791,23,23
792,0,0
793,0,0
794,0,0
795,1,1
796,0,0
797,12,12
798,0,0
799,21,21
800,15,15
801,14,14
802,12,12
803,6,6
804,5,5
805,0,0
806,0,0
807,10,10
808,8,8
809,5,5
810,0,0
811,0,0
812,3,3
813,4,4
814,24,24
815,39,39
816,0,0
817,0,0
818,0,0
819,4,4
820,6,6
821,5,5
822,0,0
823,10,10
824,28,28
825,2,2
826,7,7
827,12,12
828,16,16
829,5,5
830,6,6
831,6,6
832,5,5
833,0,0
834,0,0
835,3,3
836,20,20
837,23,23
838,14,14
839,18,18
840,4,4
841,29,29
842,5,5
843,27,27
844,0,0
845,0,0
846,8,8
847,7,7
848,7,7
849,0,0
850,31,31
851,4,4
852,0,0
853,3,3
854,1,1
855,7,7
856,0,0
857,8,8
858,4,4
859,0,0
860,3,3
861,7,7
862,11,11
863,5,5
864,21,21
865,12,12
866,0,0
867,8,8
868,0,0
869,11,11
870,3,3
871,6,6
872,14,14
873,15,15
874,17,17
875,24,24
876,3,3
877,0,0
878,22,22
879,37,37
880,0,0
881,0,0
882,0,0
883,9,9
884,33,33
885,6,6
886,11,11
887,1,1
888,8,8
889,7,7
890,8,8
891,3,3
892,13,13
893,0,0
894,10,10
895,0,0
896,12,12
897,15,15
898,0,0
899,2,2
900,0,0
901,4,4
902,12,12
903,8,8
904,15,15
905,0,0
906,9,9
907,3,3
908,6,6
909,9,9
910,0,0
911,2,2
912,32,32
913,10,10
914,7,7
915,8,8
916,21,21
917,4,4
918,11,11
919,0,0
920,15,15
921,10,10
922,34,34
923,4,4
924,1,1
925,12,12
926,9,9
927,6,6
928,5,5
929,2,2
930,0,0
931,0,0
932,19,19
933,27,27
934,15,15
935,0,0
936,4,4
937,0,0
938,0,0
939,0,0
940,3,3
941,7,7
942,16,16
943,0,0
944,8,8
945,0,0
946,7,7
947,10,10
948,9,9
949,18,18
950,15,15
951,4,4
952,10,10
953,15,15
954,24,24
955,9,9
956,14,14
957,10,10
958,0,0
959,9,9
960,0,0
961,4,4
962,11,11
963,7,7
964,0,0
965,11,11
966,11,11
967,7,7
968,12,12
969,13,13
970,0,0
971,15,15
972,1,1
973,7,7
974,10,10
975,3,3
976,9,9
977,0,0
978,0,0
979,0,0
980,0,0
981,6,6
982,10,10
983,11,11
984,14,14
985,22,22
986,15,15
987,31,31
988,0,0
989,0,0
990,16,16
991,0,0
992,6,6
993,4,4
994,7,7
995,8,8
996,0,0
997,1,1
998,3,3
999,4,4
1000,0,0
1001,0,0
1002,9,9
1003,9,9
1004,7,7
1005,7,7
1006,11,11
1007,18,18
1008,0,0
1009,2,2
1010,14,14
1011,0,0
1012,1,1
1013,6,6
1014,0,0
1015,0,0
1016,26,26
1017,14,14
1018,2,2
1019,3,3
1020,1,1
1021,7,7
1022,8,8
1023,12,12
1024,0,0
1025,12,12
1026,0,0
1027,0,0
1028,20,20
1029,2,2
1030,6,6
1031,0,0
1032,0,0
1033,0,0
1034,0,0
1035,0,0
1036,18,18
1037,9,9
1038,8,8
1039,5,5
1040,18,18
1041,12,12
1042,8,8
1043,8,8
1044,8,8
1045,0,0
1046,10,10
1047,4,4
1048,19,19
1049,6,6
1050,0,0
1051,11,11
1052,2,2
1053,2,2
1054,5,5
1055,0,0
1056,7,7
1057,5,5
1058,14,14
1059,1,1
1060,11,11
1061,0,0
1062,9,9
1063,2,2
1064,5,5
1065,8,8
1066,0,0
1067,1,1
1068,0,0
1069,2,2
1070,0,0
1071,0,0
1072,4,4
1073,0,0
1074,2,2
1075,1,1
1076,5,5
1077,0,0
1078,3,3
1079,2,2
1080,0,0
1081,2,2
1082,5,5
1083,2,2
1084,2,2
1085,0,0
1086,3,3
1087,1,1
1088,8,8
1089,8,8
1090,1,1
1091,31,31
1092,0,0
1093,1,1
1094,0,0
1095,4,4
1096,5,5
1097,16,16
1098,3,3
1099,7,7
1100,7,7
1101,5,5
1102,0,0
1103,13,13
1104,0,0
1105,3,3
1106,0,0
1107,0,0
1108,0,0
1109,13,13
1110,0,0
1111,4,4
1112,10,10
1113,0,0
1114,36,36
1115,4,4
1116,21,21
1117,2,2
1118,0,0
1119,0,0
1120,11,11
1121,3,3
1122,0,0
1123,3,3
1124,0,0
1125,4,4
1126,14,14
1127,3,3
1128,3,3
1129,4,4
1130,2,2
1131,5,5
1132,0,0
1133,0,0
1134,1,1
1135,8,8
1136,0,0
1137,1,1
1138,10,10
1139,15,15
1140,0,0
1141,8,8
1142,6,6
1143,4,4
1144,3,3
1145,8,8
1146,14,14
1147,9,9
1148,7,7
1149,0,0
1150,8,8
1151,7,7
1152,0,0
1153,0,0
1154,15,15
1155,13,13
1156,15,15
1157,15,15
1158,2,2
1159,3,3
1160,2,2
1161,2,2
1162,5,5
1163,5,5
1164,8,8
1165,19,19
1166,6,6
1167,7,7
1168,2,2
1169,6,6
1170,0,0
1171,5,5
1172,0,0
1173,9,9
1174,9,9
1175,0,0
1176,10,10
1177,5,5
1178,2,2
1179,6,6
1180,0,0
1181,7,7
1182,8,8
1183,0,0
1184,5,5
1185,4,4
1186,0,0
1187,2,2
1188,6,6
1189,2,2
1190,8,8
1191,7,7
1192,1,1
1193,3,3
1194,0,0
1195,5,5
1196,6,6
1197,9,9
1198,3,3
1199,1,1
1200,6,6
1201,0,0
1202,2,2
1203,11,11
1204,11,11
1205,4,4
1206,0,0
1207,6,6
1208,5,5
1209,0,0
1210,11,11
1211,11,11
1212,7,7
1213,3,3
1214,5,5
1215,4,4
1216,3,3
1217,17,17
1218,0,0
1219,9,9
1220,15,15
1221,1,1
1222,0,0
1223,13,13
1224,2,2
1225,4,4
1226,9,9
1227,0,0
1228,0,0
1229,11,11
1230,17,17
1231,9,9
1232,32,32
1233,5,5
1234,0,0
1235,34,34
1236,1,1
1237,0,0
1238,18,18
1239,38,38
1240,8,8
1241,16,16
1242,20,20
1243,11,11
1244,3,3
1245,8,8
1246,6,6
1247,13,13
1248,0,0
1249,17,17
1250,0,0
1251,6,6
1252,14,14
1253,16,16
1254,0,0
1255,1,1
1256,7,7
1257,18,18
1258,2,2
1259,0,0
1260,17,17
1261,8,8
1262,20,20
1263,11,11
1264,14,14
1265,3,3
1266,7,7
1267,34,34
1268,0,0
1269,7,7
1270,8,8
1271,11,11
1272,11,11
1273,13,13
1274,6,6
1275,14,14
1276,28,28
1277,0,0
1278,0,0
1279,3,3
1280,0,0
1281,16,16
1282,11,11
1283,22,22
1284,12,12
1285,2,2
1286,3,3
1287,0,0
1288,0,0
1289,7,7
1290,7,7
1291,6,6
1292,2,2
1293,0,0
1294,0,0
1295,10,10
1296,0,0
1297,4,4
1298,7,7
1299,3,3
1300,17,17
1301,12,12
1302,3,3
1303,0,0
1304,4,4
1305,0,0
1306,10,10
1307,2,2
1308,8,8
1309,6,6
1310,8,8
1311,6,6
1312,1,1
1313,4,4
1314,4,4
1315,2,2
1316,6,6
1317,3,3
1318,11,11
1319,5,5
1320,8,8
1321,0,0
1322,4,4
1323,8,8
1324,14,14
1325,10,10
1326,11,11
1327,5,5
1328,1,1
1329,2,2
1330,13,13
1331,0,0
1332,5,5
1333,4,4
1334,8,8
1335,19,19
1336,2,2
1337,6,6
1338,0,0
1339,14,14
1340,14,14
1341,0,0
1342,3,3
1343,15,15
1344,5,5
1345,0,0
1346,4,4
1347,6,6
1348,14,14
1349,0,0
1350,10,10
1351,7,7
1352,7,7
1353,9,9
1354,6,6
1355,16,16
1356,0,0
1357,6,6
1358,15,15
1359,22,22
1360,17,17
1361,22,22
1362,0,0
1363,0,0
1364,6,6
1365,4,4
1366,4,4
1367,0,0
1368,0,0
1369,0,0
1370,14,14
1371,2,2
1372,0,0
1373,3,3
1374,21,21
1375,17,17
1376,14,14
1377,15,15
1378,3,3
1379,24,24
1380,7,7
1381,11,11
1382,15,15
1383,34,34
1384,0,0
1385,6,6
1386,3,3
1387,4,4
1388,0,0
1389,0,0
1390,9,9
1391,21,21
1392,0,0
1393,14,14
1394,10,10
1395,4,4
1396,5,5
1397,15,15
1398,3,3
1399,3,3
1400,0,0
1401,0,0
1402,25,25
1403,4,4
1404,20,20
1405,24,24
1406,6,6
1407,0,0
1408,13,13
1409,0,0
1410,26,26
1411,6,6
1412,14,14
1413,7,7
1414,5,5
1415,0,0
1416,0,0
1417,6,6
1418,10,10
1419,32,32
1420,2,2
1421,10,10
1422,6,6
1423,8,8
1424,2,2
1425,0,0
1426,1,1
1427,5,5
1428,0,0
1429,60,60
1430,11,11
1431,0,0
1432,11,11
1433,9,9
1434,16,16
1435,5,5
1436,14,14
1437,11,11
1438,31,31
1439,0,0
1440,7,7
1441,8,8
1442,0,0
1443,6,6
1444,0,0
1445,0,0
1446,3,3
1447,0,0
1448,19,19
1449,0,0
1450,13,13
1451,33,33
1452,28,28
1453,4,4
1454,1,1
1455,0,0
1456,4,4
1457,0,0
1458,6,6
1459,4,4
1460,3,3
1461,2,2
1462,4,4
1463,22,22
1464,26,26
1465,6,6
1466,6,6
1467,1,1
1468,21,21
1469,10,10
1470,27,27
1471,6,6
1472,20,20
1473,10,10
1474,32,32
1475,0,0
1476,19,19
1477,5,5
1478,30,30
1479,1,1
1480,9,9
1481,0,0
1482,16,16
1483,2,2
1484,20,20
1485,0,0
1486,0,0
1487,0,0
1488,0,0
1489,11,11
1490,4,4
1491,18,18
1492,11,11
1493,3,3
1494,41,41
1495,10,10
1496,29,29
1497,0,0
1498,15,15
1499,4,4
1500,20,20
1501,7,7
1502,16,16
1503,0,0
1504,6,6
1505,0,0
1506,3,3
1507,12,12
1508,7,7
1509,2,2
1510,3,3
1511,7,7
1512,5,5
1513,12,12
1514,6,6
1515,0,0
1516,0,0
1517,1,1
1518,19,19
1519,5,5
1520,0,0
1521,12,12
1522,14,14
1523,11,11
1524,20,20
1525,10,10
1526,4,4
1527,0,0
1528,11,11
1529,0,0
1530,8,8
1531,8,8
1532,3,3
1533,9,9
1534,4,4
1535,33,33
1536,7,7
1537,0,0
1538,4,4
1539,7,7
1540,3,3
1541,55,55
1542,4,4
1543,0,0
1544,7,7
1545,5,5
1546,13,13
1547,15,15
1548,4,4
1549,1,1
1550,10,10
1551,8,8
1552,1,1
1553,16,16
1554,0,0
1555,26,26
1556,17,17
1557,9,9
1558,2,2
1559,0,0
1560,3,3
1561,2,2
1562,7,7
1563,6,6
1564,3,3
1565,2,2
1566,9,9
1567,9,9
1568,3,3
1569,0,0
1570,12,12
1571,10,10
1572,0,0
1573,10,10
1574,5,5
1575,3,3
1576,7,7
1577,4,4
1578,13,13
1579,4,4
1580,7,7
1581,0,0
1582,0,0
1583,8,8
1584,0,0
1585,0,0
1586,19,19
1587,12,12
1588,7,7
1589,14,14
1590,0,0
1591,44,44
1592,0,0
1593,4,4
1594,0,0
1595,0,0
1596,4,4
1597,2,2
1598,5,5
1599,14,14
1600,0,0
1601,6,6
1602,0,0
1603,11,11
1604,0,0
1605,0,0
1606,11,11
1607,0,0
1608,5,5
1609,1,1
1610,6,6
1611,4,4
1612,6,6
1613,6,6
1614,1,1
1615,12,12
1616,32,32
1617,0,0
1618,0,0
1619,4,4
1620,5,5
1621,5,5
1622,3,3
1623,0,0
1624,7,7
1625,0,0
1626,4,4
1627,17,17
1628,3,3
1629,0,0
1630,13,13
1631,0,0
1632,7,7
1633,4,4
1634,2,2
1635,11,11
1636,0,0
1637,2,2
1638,67,67
1639,0,0
1640,3,3
1641,23,23
1642,16,16
1643,7,7
1644,9,9
1645,8,8
1646,0,0
1647,1,1
1648,7,7
1649,5,5
1650,0,0
1651,3,3
1652,5,5
1653,16,16
1654,0,0
1655,0,0
1656,0,0
1657,13,13
1658,2,2
1659,2,2
1660,0,0
1661,0,0
1662,9,9
1663,14,14
1664,2,2
1665,0,0
1666,2,2
1667,1,1
1668,7,7
1669,8,8
1670,0,0
1671,5,5
1672,0,0
1673,8,8
1674,7,7
1675,3,3
1676,0,0
1677,3,3
1678,0,0
1679,10,10
1680,7,7
1681,3,3
1682,17,17
1683,3,3
1684,7,7
1685,12,12
1686,10,10
1687,0,0
1688,6,6
1689,22,22
1690,7,7
1691,11,11
1692,5,5
1693,0,0
1694,9,9
1695,27,27
1696,8,8
1697,4,4
1698,0,0
1699,12,12
1700,0,0
1701,4,4
1702,0,0
1703,8,8
1704,15,15
1705,0,0
1706,0,0
1707,0,0
1708,7,7
1709,0,0
1710,0,0
1711,1,1
1712,0,0
1713,11,11
1714,8,8
1715,4,4
1716,0,0
1717,17,17
1718,14,14
1719,6,6
1720,10,10
1721,8,8
1722,8,8
1723,13,13
1724,15,15
1725,18,18
1726,5,5
1727,11,11
1728,0,0
1729,0,0
1730,10,10
1731,2,2
1732,2,2
1733,0,0
1734,12,12
1735,3,3
1736,26,26
1737,15,15
1738,1,1
1739,12,12
1740,15,15
1741,7,7
1742,9,9
1743,3,3
1744,8,8
1745,13,13
1746,23,23
1747,6,6
1748,0,0
1749,0,0
1750,0,0
1751,0,0
1752,3,3
1753,5,5
1754,27,27
1755,33,33
1756,10,10
1757,0,0
1758,20,20
1759,9,9
1760,6,6
1761,0,0
1762,5,5
1763,8,8
1764,7,7
1765,7,7
1766,12,12
1767,4,4
1768,0,0
1769,1,1
1770,0,0
1771,3,3
1772,10,10
1773,4,4
1774,8,8
1775,11,11
1776,11,11
1777,3,3
1778,12,12
1779,6,6
1780,0,0
1781,4,4
1782,14,14
1783,11,11
1784,9,9
1785,11,11
1786,1,1
1787,33,33
1788,21,21
1789,3,3
1790,0,0
1791,4,4
1792,15,15
1793,23,23
1794,5,5
1795,7,7
1796,13,13
1797,7,7
1798,7,7
1799,0,0
1800,0,0
1801,5,5
1802,2,2
1803,0,0
1804,4,4
1805,1,1
1806,15,15
1807,7,7
1808,7,7
1809,7,7
1810,12,12
1811,1,1
1812,7,7
1813,0,0
1814,3,3
1815,0,0
1816,2,2
1817,11,11
1818,3,3
1819,5,5
1820,6,6
1821,5,5
1822,6,6
1823,3,3
1824,2,2
1825,4,4
1826,8,8
1827,2,2
1828,8,8
1829,12,12
1830,5,5
1831,7,7
1832,22,22
1833,16,16
1834,6,6
1835,0,0
1836,0,0
1837,5,5
1838,0,0
1839,7,7
1840,0,0
1841,7,7
1842,7,7
1843,0,0
1844,6,6
1845,0,0
1846,14,14
1847,0,0
1848,16,16
1849,0,0
1850,8,8
1851,9,9
1852,8,8
1853,0,0
1854,14,14
1855,13,13
1856,12,12
1857,0,0
1858,8,8
1859,16,16
1860,6,6
1861,8,8
1862,1,1
1863,9,9
1864,4,4
1865,40,40
1866,4,4
1867,27,27
1868,0,0
1869,2,2
1870,2,2
1871,12,12
1872,8,8
1873,14,14
1874,9,9
1875,8,8
1876,9,9
1877,0,0
1878,20,20
1879,10,10
1880,19,19
1881,20,20
1882,0,0
1883,0,0
1884,7,7
1885,3,3
1886,0,0
1887,1,1
1888,10,10
1889,18,18
1890,5,5
1891,0,0
1892,0,0
1893,0,0
1894,4,4
1895,8,8
1896,4,4
1897,8,8
1898,20,20
1899,21,21
1900,10,10
1901,12,12
1902,4,4
1903,4,4
1904,21,21
1905,7,7
1906,9,9
1907,25,25
1908,0,0
1909,6,6
1910,9,9
1911,0,0
1912,9,9
1913,8,8
1914,9,9
1915,21,21
1916,16,16
1917,0,0
1918,2,2
1919,8,8
1920,29,29
1921,6,6
1922,7,7
1923,6,6
1924,31,31
1925,8,8
1926,6,6
1927,3,3
1928,19,19
1929,5,5
1930,3,3
1931,12,12
1932,22,22
1933,21,21
1934,8,8
1935,6,6
1936,9,9
1937,23,23
1938,6,6
1939,3,3
1940,9,9
1941,0,0
1942,4,4
1943,7,7
1944,14,14
1945,0,0
1946,21,21
1947,12,12
1948,7,7
1949,2,2
1950,16,16
1951,2,2
1952,12,12
1953,26,26
1954,0,0
1955,13,13
1956,13,13
1957,5,5
1958,3,3
1959,9,9
1960,3,3
1961,6,6
1962,14,14
1963,5,5
1964,12,12
1965,5,5
1966,15,15
1967,9,9
1968,25,25
1969,7,7
1970,1,1
1971,0,0
1972,16,16
1973,5,5
1974,3,3
1975,8,8
1976,0,0
1977,14,14
1978,3,3
1979,5,5
1980,1,1
1981,4,4
1982,0,0
1983,20,20
1984,0,0
1985,14,14
1986,5,5
1987,8,8
1988,0,0
1989,13,13
1990,17,17
1991,6,6
1992,1,1
1993,0,0
1994,5,5
1995,9,9
1996,7,7
1997,5,5
1998,11,11
1999,9,9
2000,21,21
2001,10,10
2002,7,7
2003,4,4
2004,51,51
2005,5,5
2006,27,27
2007,5,5
2008,5,5
2009,5,5
2010,9,9
2011,2,2
2012,9,9
2013,10,10
2014,27,27
2015,7,7
2016,4,4
2017,1,1
2018,5,5
2019,6,6
2020,5,5
2021,11,11
2022,10,10
2023,9,9
2024,5,5
2025,5,5
2026,16,16
2027,4,4
2028,2,2
2029,4,4
2030,5,5
2031,4,4
2032,5,5
2033,5,5
2034,6,6
2035,9,9
2036,9,9
2037,4,4
2038,5,5
2039,0,0
2040,34,34
2041,5,5
2042,6,6
2043,0,0
2044,6,6
2045,14,14
2046,3,3
2047,5,5
2048,12,12
2049,8,8
2050,0,0
2051,8,8
2052,5,5
2053,15,15
2054,5,5
2055,5,5
2056,3,3
2057,1,1
2058,10,10
2059,12,12
2060,14,14
2061,0,0
2062,5,5
2063,34,34
2064,5,5
2065,5,5
2066,6,6
2067,0,0
2068,9,9
2069,5,5
2070,6,6
2071,12,12
2072,6,6
2073,11,11
2074,5,5
2075,5,5
2076,4,4
2077,2,2
2078,5,5
2079,2,2
2080,12,12
2081,6,6
2082,0,0
2083,6,6
2084,5,5
2085,11,11
2086,6,6
2087,5,5
2088,6,6
2089,21,21
2090,12,12
2091,5,5
2092,9,9
2093,17,17
2094,9,9
2095,13,13
2096,5,5
2097,15,15
2098,7,7
2099,7,7
2100,9,9
2101,8,8
2102,2,2
2103,4,4
2104,0,0
2105,5,5
2106,7,7
2107,11,11
2108,18,18
2109,0,0
2110,8,8
2111,23,23
2112,6,6
2113,14,14
2114,7,7
2115,8,8
2116,6,6
2117,13,13
2118,0,0
2119,5,5
2120,5,5
2121,11,11
2122,10,10
2123,12,12
2124,0,0
2125,11,11
2126,7,7
2127,5,5
2128,18,18
2129,5,5
2130,7,7
2131,8,8
2132,4,4
2133,5,5
2134,4,4
2135,4,4
2136,21,21
2137,9,9
2138,5,5
2139,7,7
2140,8,8
2141,5,5
2142,23,23
2143,9,9
2144,1,1
2145,9,9
2146,8,8
2147,10,10
2148,7,7
2149,18,18
2150,5,5
2151,8,8
2152,7,7
2153,6,6
2154,5,5
2155,14,14
2156,4,4
2157,7,7
2158,8,8
2159,5,5
2160,7,7
2161,9,9
2162,7,7
2163,1,1
2164,9,9
2165,13,13
2166,7,7
2167,0,0
2168,9,9
2169,2,2
2170,7,7
2171,25,25
2172,0,0
2173,5,5
2174,5,5
2175,2,2
2176,4,4
2177,5,5
2178,0,0
2179,4,4
2180,32,32
2181,7,7
2182,3,3
2183,5,5
2184,4,4
2185,7,7
2186,6,6
2187,5,5
2188,28,28
2189,3,3
2190,0,0
2191,4,4
2192,7,7
2193,8,8
2194,1,1
2195,6,6
2196,24,24
2197,3,3
2198,0,0
2199,11,11
2200,0,0
2201,9,9
2202,33,33
2203,9,9
2204,0,0
2205,8,8
2206,3,3
2207,1,1
2208,0,0
2209,0,0
2210,11,11
2211,10,10
2212,0,0
2213,14,14
2214,0,0
2215,7,7
2216,1,1
2217,7,7
2218,12,12
2219,4,4
2220,0,0
2221,7,7
2222,3,3
2223,8,8
2224,1,1
2225,4,4
2226,8,8
2227,8,8
2228,0,0
2229,8,8
2230,0,0
2231,0,0
2232,7,7
2233,0,0
2234,2,2
2235,0,0
2236,37,37
2237,3,3
2238,7,7
2239,0,0
2240,0,0
2241,7,7
2242,8,8
2243,1,1
2244,18,18
2245,1,1
2246,3,3
2247,15,15
2248,9,9
2249,22,22
2250,1,1
2251,3,3
2252,0,0
2253,1,1
2254,9,9
2255,10,10
2256,18,18
2257,13,13
2258,1,1
2259,7,7
2260,6,6
2261,30,30
2262,12,12
2263,22,22
2264,7,7
2265,0,0
2266,15,15
2267,6,6
2268,7,7
2269,23,23
2270,6,6
2271,4,4
2272,5,5
2273,13,13
2274,4,4
2275,7,7
2276,20,20
2277,2,2
2278,3,3
2279,5,5
2280,11,11
2281,10,10
2282,0,0
2283,2,2
2284,2,2
2285,7,7
2286,0,0
2287,15,15
2288,7,7
2289,26,26
2290,1,1
2291,4,4
2292,16,16
2293,11,11
2294,7,7
2295,7,7
2296,8,8
2297,0,0
2298,2,2
2299,1,1
2300,0,0
2301,0,0
2302,27,27
2303,0,0
2304,0,0
2305,10,10
2306,3,3
2307,6,6
2308,14,14
2309,11,11
2310,17,17
2311,12,12
2312,29,29
2313,29,29
2314,16,16
2315,28,28
2316,20,20
2317,3,3
2318,23,23
2319,2,2
2320,6,6
2321,0,0
2322,11,11
2323,9,9
2324,17,17
2325,5,5
2326,0,0
2327,0,0
2328,0,0
2329,10,10
2330,3,3
2331,13,13
2332,0,0
2333,10,10
2334,10,10
2335,10,10
2336,10,10
2337,11,11
2338,9,9
2339,16,16
2340,10,10
2341,6,6
2342,10,10
2343,0,0
2344,4,4
2345,21,21
2346,2,2
2347,8,8
2348,8,8
2349,10,10
2350,34,34
2351,11,11
2352,8,8
2353,0,0
2354,12,12
2355,0,0
2356,10,10
2357,27,27
2358,0,0
2359,9,9
2360,6,6
2361,0,0
2362,8,8
2363,10,10
2364,0,0
2365,0,0
2366,0,0
2367,0,0
2368,0,0
2369,12,12
2370,11,11
2371,0,0
2372,0,0
2373,35,35
2374,7,7
2375,9,9
2376,6,6
2377,0,0
2378,13,13
2379,1,1
2380,1,1
2381,1,1
2382,4,4
2383,3,3
2384,2,2
2385,21,21
2386,14,14
2387,7,7
2388,7,7
2389,6,6
2390,3,3
2391,0,0
2392,12,12
2393,12,12
2394,13,13
2395,8,8
2396,13,13
2397,0,0
2398,10,10
2399,23,23
2400,6,6
2401,32,32
2402,23,23
2403,0,0
2404,3,3
2405,7,7
2406,15,15
2407,0,0
2408,24,24
2409,0,0
2410,1,1
2411,45,45
2412,0,0
2413,24,24
2414,32,32
2415,43,43
2416,4,4
2417,2,2
2418,10,10
2419,11,11
2420,0,0
2421,0,0
2422,0,0
2423,17,17
2424,14,14
2425,0,0
2426,35,35
2427,0,0
2428,24,24
2429,34,34
2430,0,0
2431,0,0
2432,10,10
2433,6,6
2434,0,0
2435,23,23
2436,0,0
2437,16,16
2438,32,32
2439,0,0
2440,4,4
2441,6,6
2442,0,0
2443,0,0
2444,33,33
2445,5,5
2446,14,14
2447,12,12
2448,3,3
2449,40,40
2450,0,0
2451,17,17
2452,21,21
2453,0,0
2454,16,16
2455,0,0
2456,0,0
2457,0,0
2458,31,31
2459,15,15
2460,0,0
2461,9,9
2462,4,4
2463,0,0
2464,0,0
2465,4,4
2466,13,13
2467,1,1
2468,7,7
2469,0,0
2470,11,11
2471,20,20
2472,2,2
2473,34,34
2474,0,0
2475,2,2
2476,30,30
2477,3,3
2478,19,19
2479,0,0
2480,16,16
2481,0,0
2482,48,48
2483,0,0
2484,27,27
2485,0,0
2486,0,0
2487,0,0
2488,11,11
2489,0,0
2490,0,0
2491,9,9
2492,0,0
2493,0,0
2494,51,51
2495,50,50
2496,54,54
2497,32,32
2498,27,27
2499,33,33
2500,16,16
2501,4,4
2502,20,20
2503,15,15
2504,28,28
2505,16,16
2506,26,26
2507,18,18
2508,3,3
2509,1,1
2510,16,16
2511,0,0
2512,25,25
2513,18,18
2514,6,6
2515,12,12
2516,0,0
2517,2,2
2518,3,3
2519,31,31
2520,0,0
2521,20,20
2522,6,6
2523,1,1
2524,4,4
2525,42,42
2526,33,33
2527,0,0
2528,5,5
2529,37,37
2530,11,11
2531,4,4
2532,0,0
2533,36,36
2534,0,0
2535,13,13
2536,0,0
2537,0,0
2538,13,13
2539,31,31
2540,0,0
2541,11,11
2542,11,11
2543,0,0
2544,16,16
2545,0,0
2546,12,12
2547,20,20
2548,0,0
2549,22,22
2550,13,13
2551,0,0
2552,12,12
2553,2,2
2554,1,1
2555,0,0
2556,15,15
2557,9,9
2558,0,0
2559,15,15
2560,4,4
2561,0,0
2562,0,0
2563,23,23
2564,0,0
2565,21,21
2566,0,0
2567,0,0
2568,0,0
2569,16,16
2570,32,32
2571,0,0
2572,0,0
2573,0,0
2574,7,7
2575,0,0
2576,0,0
2577,0,0
2578,7,7
2579,0,0
2580,18,18
2581,29,29
2582,17,17
2583,0,0
2584,20,20
2585,34,34
2586,11,11
2587,23,23
2588,8,8
2589,3,3
2590,9,9
2591,9,9
2592,33,33
2593,4,4
2594,2,2
2595,7,7
2596,0,0
2597,13,13
2598,7,7
2599,15,15
2600,8,8
2601,0,0
2602,9,9
2603,2,2
2604,0,0
2605,8,8
2606,6,6
2607,0,0
2608,10,10
2609,5,5
2610,14,14
2611,4,4
2612,0,0
2613,0,0
2614,4,4
2615,0,0
2616,0,0
2617,0,0
2618,11,11
2619,26,26
2620,4,4
2621,9,9
2622,4,4
2623,22,22
2624,0,0
2625,0,0
2626,14,14
2627,0,0
2628,0,0
2629,0,0
2630,0,0
2631,1,1
2632,30,30
2633,0,0
2634,5,5
2635,0,0
2636,16,16
2637,0,0
2638,1,1
2639,2,2
2640,4,4
2641,16,16
2642,0,0
2643,0,0
2644,7,7
2645,4,4
2646,0,0
2647,36,36
2648,14,14
2649,0,0
2650,0,0
2651,0,0
2652,39,39
2653,12,12
2654,18,18
2655,7,7
2656,0,0
2657,21,21
2658,11,11
2659,17,17
2660,8,8
2661,6,6
2662,16,16
2663,3,3
2664,13,13
2665,6,6
2666,0,0
2667,7,7
2668,5,5
2669,0,0
2670,2,2
2671,7,7
2672,0,0
2673,13,13
2674,11,11
2675,18,18
2676,0,0
2677,13,13
2678,15,15
2679,5,5
2680,0,0
2681,0,0
2682,4,4
2683,6,6
2684,24,24
2685,0,0
2686,20,20
2687,10,10
2688,0,0
2689,12,12
2690,0,0
2691,14,14
2692,6,6
2693,0,0
2694,0,0
2695,15,15
2696,13,13
2697,5,5
2698,6,6
2699,8,8
2700,0,0
2701,0,0
2702,9,9
2703,5,5
2704,20,20
2705,10,10
2706,0,0
2707,10,10
2708,10,10
2709,10,10
2710,3,3
2711,7,7
2712,7,7
2713,11,11
2714,2,2
2715,11,11
2716,7,7
2717,7,7
2718,8,8
2719,7,7
2720,0,0
2721,56,56
2722,0,0
2723,17,17
2724,0,0
2725,27,27
2726,0,0
2727,24,24
2728,2,2
2729,27,27
2730,3,3
2731,12,12
2732,0,0
2733,0,0
2734,18,18
2735,12,12
2736,40,40
2737,0,0
2738,9,9
2739,15,15
2740,4,4
2741,19,19
2742,28,28
2743,14,14
2744,3,3
2745,3,3
2746,3,3
2747,2,2
2748,21,21
2749,38,38
2750,10,10
2751,3,3
2752,0,0
2753,5,5
2754,7,7
2755,12,12
2756,12,12
2757,16,16
2758,10,10
2759,7,7
2760,3,3
2761,5,5
2762,11,11
2763,15,15
2764,0,0
2765,14,14
2766,10,10
2767,0,0
2768,0,0
2769,20,20
2770,6,6
2771,0,0
2772,0,0
2773,0,0
2774,0,0
2775,3,3
2776,18,18
2777,14,14
2778,8,8
2779,12,12
2780,17,17
2781,4,4
2782,4,4
2783,11,11
2784,0,0
2785,9,9
2786,0,0
2787,0,0
2788,0,0
2789,13,13
2790,26,26
2791,0,0
2792,0,0
2793,10,10
2794,23,23
2795,12,12
2796,13,13
2797,0,0
2798,1,1
2799,12,12
2800,0,0
2801,2,2
2802,0,0
2803,7,7
2804,14,14
2805,0,0
2806,1,1
2807,0,0
2808,9,9
2809,10,10
2810,10,10
2811,4,4
2812,0,0
2813,4,4
2814,11,11
2815,4,4
2816,12,12
2817,14,14
2818,2,2
2819,22,22
2820,1,1
2821,11,11
2822,10,10
2823,54,54
2824,16,16
2825,0,0
2826,0,0
2827,14,14
2828,0,0
2829,13,13
2830,0,0
2831,8,8
2832,4,4
2833,7,7
2834,1,1
2835,0,0
2836,4,4
2837,0,0
2838,2,2
2839,0,0
2840,10,10
2841,9,9
2842,7,7
2843,4,4
2844,4,4
2845,36,36
2846,16,16
2847,10,10
2848,5,5
2849,4,4
2850,31,31
2851,0,0
2852,1,1
2853,10,10
2854,12,12
2855,6,6
2856,6,6
2857,3,3
2858,12,12
2859,11,11
2860,0,0
2861,3,3
2862,0,0
2863,5,5
2864,22,22
2865,4,4
2866,5,5
2867,3,3
2868,5,5
2869,5,5
2870,16,16
2871,1,1
2872,3,3
2873,9,9
2874,11,11
2875,35,35
2876,10,10
2877,17,17
2878,40,40
2879,5,5
2880,3,3
2881,5,5
2882,7,7
2883,20,20
2884,48,48
2885,18,18
2886,7,7
2887,4,4
2888,12,12
2889,35,35
2890,13,13
2891,5,5
2892,4,4
2893,4,4
2894,1,1
2895,11,11
2896,25,25
2897,4,4
2898,0,0
2899,4,4
2900,0,0
2901,0,0
2902,10,10
2903,8,8
2904,8,8
2905,8,8
2906,33,33
2907,0,0
2908,15,15
2909,15,15
2910,15,15
2911,3,3
2912,9,9
2913,12,12
2914,27,27
2915,4,4
2916,4,4
2917,4,4
2918,30,30
2919,9,9
2920,9,9
2921,10,10
2922,7,7
2923,7,7
2924,0,0
2925,5,5
2926,4,4
2927,9,9
2928,5,5
2929,0,0
2930,2,2
2931,1,1
2932,6,6
2933,9,9
2934,2,2
2935,11,11
2936,0,0
2937,0,0
2938,0,0
2939,21,21
2940,64,64
2941,2,2
2942,18,18
2943,4,4
2944,26,26
2945,0,0
2946,0,0
2947,4,4
2948,38,38
2949,0,0
2950,10,10
2951,31,31
2952,32,32
2953,22,22
2954,4,4
2955,0,0
2956,5,5
2957,0,0
2958,0,0
2959,0,0
2960,27,27
2961,4,4
2962,1,1
2963,4,4
2964,13,13
2965,21,21
2966,4,4
2967,4,4
2968,4,4
2969,0,0
2970,5,5
2971,29,29
2972,5,5
2973,6,6
2974,0,0
2975,8,8
2976,35,35
2977,4,4
2978,13,13
2979,4,4
2980,6,6
2981,25,25
2982,0,0
2983,21,21
2984,4,4
2985,1,1
2986,8,8
2987,16,16
2988,4,4
2989,6,6
2990,0,0
2991,4,4
2992,5,5
2993,9,9
2994,4,4
2995,65,65
2996,3,3
2997,4,4
2998,6,6
2999,4,4
3000,0,0
3001,31,31
3002,12,12
3003,0,0
3004,0,0
3005,6,6
3006,4,4
3007,28,28
3008,0,0
3009,13,13
3010,19,19
3011,6,6
3012,0,0
3013,5,5
3014,0,0
3015,4,4
3016,0,0
3017,22,22
3018,8,8
3019,41,41
3020,2,2
3021,10,10
3022,0,0
3023,0,0
3024,8,8
3025,50,50
3026,0,0
3027,0,0
3028,12,12
3029,0,0
3030,6,6
3031,43,43
3032,26,26
3033,0,0
3034,22,22
3035,27,27
3036,31,31
3037,8,8
3038,30,30
3039,0,0
3040,30,30
3041,3,3
3042,0,0
3043,15,15
3044,4,4
3045,24,24
3046,5,5
3047,2,2
3048,0,0
3049,0,0
3050,19,19
3051,6,6
3052,43,43
3053,17,17
3054,8,8
3055,18,18
3056,19,19
3057,0,0
3058,0,0
3059,27,27
3060,3,3
3061,23,23
3062,0,0
3063,11,11
3064,0,0
3065,34,34
3066,24,24
3067,0,0
3068,17,17
3069,34,34
3070,0,0
3071,13,13
3072,7,7
3073,0,0
3074,12,12
3075,0,0
3076,0,0
3077,0,0
3078,1,1
3079,0,0
3080,13,13
3081,4,4
3082,7,7
3083,43,43
3084,3,3
3085,1,1
3086,0,0
3087,40,40
3088,44,44
3089,0,0
3090,2,2
3091,8,8
3092,23,23
3093,1,1
3094,45,45
3095,18,18
3096,16,16
3097,0,0
3098,7,7
3099,29,29
3100,0,0
3101,1,1
3102,0,0
3103,0,0
3104,0,0
3105,1,1
3106,0,0
3107,62,62
3108,17,17
3109,0,0
3110,12,12
3111,18,18
3112,0,0
3113,12,12
3114,34,34
3115,0,0
3116,27,27
3117,0,0
3118,0,0
3119,0,0
3120,27,27
3121,0,0
3122,34,34
3123,0,0
3124,37,37
3125,0,0
3126,0,0
3127,0,0
3128,0,0
3129,0,0
3130,52,52
3131,0,0
3132,11,11
3133,8,8
3134,0,0
3135,0,0
3136,0,0
3137,41,41
3138,2,2
3139,19,19
3140,16,16
3141,6,6
3142,10,10
3143,0,0
3144,27,27
3145,46,46
3146,0,0
3147,0,0
3148,0,0
3149,0,0
3150,0,0
3151,32,32
3152,25,25
3153,23,23
3154,15,15
3155,0,0
3156,5,5
3157,3,3
3158,0,0
3159,2,2
3160,11,11
3161,20,20
3162,0,0
3163,45,45
3164,16,16
3165,48,48
3166,37,37
3167,33,33
3168,21,21
3169,69,69
3170,12,12
3171,0,0
3172,19,19
3173,16,16
3174,0,0
3175,13,13
3176,0,0
3177,3,3
3178,9,9
3179,0,0
3180,24,24
3181,33,33
3182,0,0
3183,11,11
3184,20,20
3185,0,0
3186,4,4
3187,0,0
3188,55,55
3189,0,0
3190,19,19
3191,0,0
3192,0,0
3193,0,0
3194,4,4
3195,12,12
3196,9,9
3197,33,33
3198,0,0
3199,11,11
3200,14,14
3201,32,32
3202,18,18
3203,13,13
3204,12,12
3205,0,0
3206,2,2
3207,9,9
3208,0,0
3209,9,9
3210,0,0
3211,0,0
3212,0,0
3213,31,31
3214,30,30
3215,11,11
3216,11,11
3217,7,7
3218,0,0
3219,0,0
3220,7,7
3221,11,11
3222,5,5
3223,29,29
3224,15,15
3225,12,12
3226,0,0
3227,0,0
3228,1,1
3229,0,0
3230,7,7
3231,12,12
3232,0,0
3233,41,41
3234,27,27
3235,26,26
3236,9,9
3237,5,5
3238,0,0
3239,12,12
3240,0,0
3241,15,15
3242,0,0
3243,11,11
3244,0,0
3245,0,0
3246,0,0
3247,19,19
3248,0,0
3249,7,7
3250,2,2
3251,5,5
3252,1,1
3253,0,0
3254,0,0
3255,36,36
3256,0,0
3257,3,3
3258,0,0
3259,0,0
3260,0,0
3261,0,0
3262,18,18
3263,25,25
3264,18,18
3265,9,9
3266,5,5
3267,0,0
3268,5,5
3269,9,9
3270,33,33
3271,52,52
3272,0,0
3273,0,0
3274,2,2
3275,0,0
3276,5,5
3277,0,0
3278,11,11
3279,10,10
3280,0,0
3281,3,3
3282,0,0
3283,5,5
3284,29,29
3285,5,5
3286,6,6
3287,0,0
3288,26,26
3289,0,0
3290,2,2
3291,17,17
3292,12,12
3293,0,0
3294,0,0
3295,34,34
3296,20,20
3297,0,0
3298,14,14
3299,1,1
3300,0,0
3301,0,0
3302,0,0
3303,0,0
3304,9,9
3305,17,17
3306,21,21
3307,2,2
3308,1,1
3309,18,18
3310,20,20
3311,24,24
3312,0,0
3313,0,0
3314,0,0
3315,14,14
3316,18,18
3317,0,0
3318,5,5
3319,16,16
3320,0,0
3321,0,0
3322,0,0
3323,6,6
3324,0,0
3325,7,7
3326,0,0
3327,7,7
3328,1,1
3329,1,1
3330,0,0
3331,0,0
3332,8,8
3333,3,3
3334,0,0
3335,6,6
3336,9,9
3337,10,10
3338,8,8
3339,11,11
3340,1,1
3341,2,2
3342,8,8
3343,0,0
3344,0,0
3345,0,0
3346,10,10
3347,18,18
3348,6,6
3349,2,2
3350,15,15
3351,0,0
3352,7,7
3353,4,4
3354,39,39
3355,7,7
3356,0,0
3357,8,8
3358,9,9
3359,9,9
3360,8,8
3361,0,0
3362,0,0
3363,0,0
3364,0,0
3365,1,1
3366,0,0
3367,10,10
3368,0,0
3369,8,8
3370,6,6
3371,4,4
3372,23,23
3373,9,9
3374,4,4
3375,29,29
3376,0,0
3377,0,0
3378,21,21
3379,4,4
3380,7,7
3381,11,11
3382,6,6
3383,18,18
3384,5,5
3385,0,0
3386,0,0
3387,0,0
3388,2,2
3389,0,0
3390,11,11
3391,6,6
3392,36,36
3393,0,0
3394,0,0
3395,0,0
3396,15,15
3397,9,9
3398,0,0
3399,4,4
3400,5,5
3401,8,8
3402,4,4
3403,11,11
3404,5,5
3405,5,5
3406,5,5
3407,12,12
3408,26,26
3409,7,7
3410,8,8
3411,1,1
3412,0,0
3413,6,6
3414,4,4
3415,16,16
3416,37,37
3417,9,9
3418,3,3
3419,18,18
3420,7,7
3421,5,5
3422,0,0
3423,23,23
3424,24,24
3425,6,6
3426,30,30
3427,12,12
3428,4,4
3429,9,9
3430,6,6
3431,6,6
3432,5,5
3433,3,3
3434,0,0
3435,6,6
3436,10,10
3437,6,6
3438,5,5
3439,22,22
3440,11,11
3441,7,7
3442,8,8
3443,5,5
3444,6,6
3445,0,0
3446,7,7
3447,11,11
3448,12,12
3449,2,2
3450,0,0
3451,4,4
3452,11,11
3453,9,9
3454,0,0
3455,0,0
3456,23,23
3457,34,34
3458,9,9
3459,5,5
3460,8,8
3461,10,10
3462,2,2
3463,12,12
3464,3,3
3465,5,5
3466,10,10
3467,0,0
3468,5,5
3469,6,6
3470,8,8
3471,9,9
3472,2,2
3473,17,17
3474,16,16
3475,1,1
3476,0,0
3477,0,0
3478,21,21
3479,11,11
3480,1,1
3481,13,13
3482,7,7
3483,9,9
3484,17,17
3485,6,6
3486,8,8
3487,0,0
3488,9,9
3489,0,0
3490,8,8
3491,10,10
3492,8,8
3493,7,7
3494,6,6
3495,12,12
3496,11,11
3497,9,9
3498,5,5
3499,2,2
3500,5,5
3501,11,11
3502,12,12
3503,6,6
3504,5,5
3505,0,0
3506,11,11
3507,5,5
3508,17,17
3509,13,13
3510,19,19
3511,0,0
3512,7,7
3513,8,8
3514,0,0
3515,7,7
3516,2,2
3517,5,5
3518,43,43
3519,6,6
3520,7,7
3521,12,12
3522,2,2
3523,9,9
3524,11,11
3525,5,5
3526,8,8
3527,8,8
3528,13,13
3529,9,9
3530,10,10
3531,2,2
3532,48,48
3533,4,4
3534,0,0
3535,0,0
3536,8,8
3537,0,0
3538,5,5
3539,0,0
3540,5,5
3541,4,4
3542,0,0
3543,16,16
3544,20,20
3545,3,3
3546,11,11
3547,5,5
3548,11,11
3549,10,10
3550,0,0
3551,2,2
3552,1,1
3553,5,5
3554,8,8
3555,18,18
3556,14,14
3557,7,7
3558,0,0
3559,0,0
3560,3,3
3561,10,10
3562,4,4
3563,6,6
3564,6,6
3565,2,2
3566,5,5
3567,9,9
3568,18,18
3569,2,2
3570,5,5
3571,10,10
3572,21,21
3573,4,4
3574,15,15
3575,6,6
3576,6,6
3577,8,8
3578,0,0
3579,5,5
3580,5,5
3581,6,6
3582,5,5
3583,5,5
3584,5,5
3585,6,6
3586,0,0
3587,5,5
3588,18,18
3589,16,16
3590,1,1
3591,6,6
3592,7,7
3593,1,1
3594,6,6
3595,5,5
3596,5,5
3597,8,8
3598,0,0
3599,0,0
3600,0,0
3601,1,1
3602,22,22
3603,10,10
3604,5,5
3605,0,0
3606,5,5
3607,0,0
3608,31,31
3609,0,0
3610,10,10
3611,24,24
3612,12,12
3613,10,10
3614,19,19
3615,1,1
3616,10,10
3617,1,1
3618,11,11
3619,6,6
3620,5,5
3621,51,51
3622,11,11
3623,17,17
3624,17,17
3625,12,12
3626,23,23
3627,2,2
3628,0,0
3629,6,6
3630,0,0
3631,7,7
3632,19,19
3633,0,0
3634,5,5
3635,0,0
3636,2,2
3637,13,13
3638,0,0
3639,40,40
3640,26,26
3641,1,1
3642,9,9
3643,25,25
3644,11,11
3645,26,26
3646,6,6
3647,20,20
3648,5,5
3649,1,1
3650,5,5
3651,13,13
3652,29,29
3653,4,4
3654,7,7
3655,0,0
3656,4,4
3657,35,35
3658,29,29
3659,2,2
3660,22,22
3661,11,11
3662,0,0
3663,3,3
3664,11,11
3665,21,21
3666,13,13
3667,10,10
3668,6,6
3669,28,28
3670,0,0
3671,5,5
3672,6,6
3673,0,0
3674,22,22
3675,16,16
3676,0,0
3677,16,16
3678,0,0
3679,0,0
3680,45,45
3681,14,14
3682,17,17
3683,21,21
3684,20,20
3685,27,27
3686,5,5
3687,11,11
3688,0,0
3689,42,42
3690,0,0
3691,11,11
3692,19,19
3693,2,2
3694,2,2
3695,0,0
3696,13,13
3697,1,1
3698,11,11
3699,1,1
3700,14,14
3701,0,0
3702,35,35
3703,0,0
3704,0,0
3705,13,13
3706,14,14
3707,15,15
3708,0,0
3709,0,0
3710,0,0
3711,0,0
3712,1,1
3713,7,7
3714,7,7
3715,11,11
3716,27,27
3717,14,14
3718,12,12
3719,0,0
3720,1,1
3721,14,14
3722,8,8
3723,10,10
3724,0,0
3725,5,5
3726,27,27
3727,16,16
3728,4,4
3729,18,18
3730,0,0
3731,39,39
3732,0,0
3733,27,27
3734,52,52
3735,13,13
3736,12,12
3737,10,10
3738,11,11
3739,18,18
3740,33,33
3741,65,65
3742,3,3
3743,9,9
3744,22,22
3745,13,13
3746,2,2
3747,9,9
3748,16,16
3749,10,10
3750,0,0
3751,36,36
3752,10,10
3753,0,0
3754,10,10
3755,0,0
3756,11,11
3757,25,25
3758,6,6
3759,3,3
3760,4,4
3761,2,2
3762,12,12
3763,0,0
3764,0,0
3765,13,13
3766,19,19
3767,5,5
3768,0,0
3769,39,39
3770,0,0
3771,0,0
3772,8,8
3773,23,23
3774,34,34
3775,6,6
3776,22,22
3777,41,41
3778,13,13
3779,8,8
3780,0,0
3781,10,10
3782,30,30
3783,3,3
3784,11,11
3785,1,1
3786,0,0
3787,41,41
3788,0,0
3789,4,4
3790,4,4
3791,0,0
3792,14,14
3793,3,3
3794,3,3
3795,0,0
3796,29,29
3797,9,9
3798,0,0
3799,0,0
3800,2,2
3801,13,13
3802,6,6
3803,0,0
3804,11,11
3805,0,0
3806,14,14
3807,0,0
3808,0,0
3809,6,6
3810,10,10
3811,0,0
3812,1,1
3813,13,13
3814,10,10
3815,3,3
3816,9,9
3817,10,10
3818,1,1
3819,0,0
3820,21,21
3821,0,0
3822,7,7
3823,20,20
3824,0,0
3825,1,1
3826,37,37
3827,14,14
3828,0,0
3829,10,10
3830,20,20
3831,15,15
3832,2,2
3833,5,5
3834,0,0
3835,0,0
3836,8,8
3837,13,13
3838,14,14
3839,9,9
3840,0,0
3841,0,0
3842,0,0
3843,10,10
3844,48,48
3845,0,0
3846,7,7
3847,3,3
3848,19,19
3849,0,0
3850,0,0
3851,18,18
3852,0,0
3853,17,17
3854,1,1
3855,4,4
3856,13,13
3857,0,0
3858,16,16
3859,7,7
3860,0,0
3861,4,4
3862,11,11
3863,2,2
3864,0,0
3865,20,20
3866,1,1
3867,3,3
3868,16,16
3869,3,3
3870,1,1
3871,5,5
3872,4,4
3873,5,5
3874,6,6
3875,11,11
3876,6,6
3877,0,0
3878,5,5
3879,15,15
3880,10,10
3881,8,8
3882,11,11
3883,7,7
3884,0,0
3885,12,12
3886,11,11
3887,7,7
3888,2,2
3889,20,20
3890,0,0
3891,0,0
3892,0,0
3893,8,8
3894,9,9
3895,13,13
3896,1,1
3897,28,28
3898,8,8
3899,18,18
3900,12,12
3901,8,8
3902,2,2
3903,17,17
3904,7,7
3905,6,6
3906,5,5
3907,7,7
3908,15,15
3909,20,20
3910,2,2
3911,7,7
3912,0,0
3913,33,33
3914,7,7
3915,0,0
3916,11,11
3917,27,27
3918,0,0
3919,1,1
3920,11,11
3921,27,27
3922,7,7
3923,4,4
3924,26,26
3925,3,3
3926,3,3
3927,0,0
3928,6,6
3929,0,0
3930,0,0
3931,30,30
3932,5,5
3933,0,0
3934,6,6
3935,0,0
3936,0,0
3937,0,0
3938,20,20
3939,24,24
3940,10,10
3941,9,9
3942,9,9
3943,0,0
3944,9,9
3945,17,17
3946,26,26
3947,6,6
3948,0,0
3949,17,17
3950,6,6
3951,13,13
3952,0,0
3953,8,8
3954,0,0
3955,0,0
3956,0,0
3957,0,0
3958,0,0
3959,4,4
3960,22,22
3961,36,36
3962,0,0
3963,2,2
3964,9,9
3965,4,4
3966,19,19
3967,8,8
3968,16,16
3969,0,0
3970,4,4
3971,0,0
3972,12,12
3973,0,0
3974,8,8
3975,0,0
3976,10,10
3977,0,0
3978,4,4
3979,5,5
3980,0,0
3981,3,3
3982,3,3
3983,12,12
3984,12,12
3985,0,0
3986,17,17
3987,18,18
3988,3,3
3989,13,13
3990,8,8
3991,0,0
3992,0,0
3993,21,21
3994,27,27
3995,0,0
3996,3,3
3997,0,0
3998,0,0
3999,0,0
