id,good,bad
0,0,0
1,88,88
2,0,0
3,0,0
4,12,12
5,6,6
6,26,26
7,3,3
8,4,4
9,0,0
10,0,0
11,0,0
12,56,56
13,0,0
14,36,36
15,15,15
16,0,0
17,5,5
18,35,35
19,12,12
20,0,0
21,2,2
22,27,27
23,0,0
24,2,2
25,6,6
26,7,7
27,39,39
28,4,4
29,0,0
30,5,5
31,0,0
32,2,2
33,5,5
34,0,0
35,41,41
36,0,0
37,13,13
38,0,0
39,14,14
40,3,3
41,4,4
42,0,0
43,8,8
44,27,27
45,3,3
46,0,0
47,0,0
48,8,8
49,18,18
50,17,17
51,9,9
52,0,0
53,0,0
54,4,4
55,0,0
56,22,22
57,9,9
58,6,6
59,0,0
60,0,0
61,21,21
62,0,0
63,11,11
64,20,20
65,0,0
66,0,0
67,18,18
68,4,4
69,0,0
70,13,13
71,9,9
72,13,13
73,44,44
74,0,0
75,33,33
76,39,39
77,0,0
78,11,11
79,6,6
80,29,29
81,0,0
82,9,9
83,5,5
84,0,0
85,0,0
86,5,5
87,12,12
88,41,41
89,14,14
90,12,12
91,0,0
92,61,61
93,0,0
94,16,16
95,0,0
96,0,0
97,9,9
98,6,6
99,0,0
100,0,0
101,0,0
102,14,14
103,0,0
104,4,4
105,11,11
106,11,11
107,0,0
108,27,27
109,6,6
110,8,8
111,9,9
112,0,0
113,0,0
114,0,0
115,9,9
116,3,3
117,0,0
118,99,99
119,8,8
120,19,19
121,0,0
122,0,0
123,8,8
124,0,0
125,6,6
126,12,12
127,0,0
128,15,15
129,0,0
130,0,0
131,0,0
132,0,0
133,4,4
134,0,0
135,0,0
136,5,5
137,13,13
138,0,0
139,12,12
140,12,12
141,0,0
142,1,1
143,1,1
144,19,19
145,0,0
146,0,0
147,0,0
148,0,0
149,8,8
150,0,0
151,22,22
152,0,0
153,10,10
154,56,56
155,26,26
156,45,45
157,0,0
158,0,0
159,0,0
160,0,0
161,0,0
162,3,3
163,31,31
164,58,58
165,6,6
166,0,0
167,0,0
168,0,0
169,0,0
170,3,3
171,6,6
172,0,0
173,14,14
174,1,1
175,0,0
176,1,1
177,24,24
178,0,0
179,22,22
180,0,0
181,0,0
182,0,0
183,0,0
184,20,20
185,21,21
186,0,0
187,25,25
188,0,0
189,8,8
190,56,56
191,0,0
192,16,16
193,6,6
194,2,2
195,16,16
196,46,46
197,0,0
198,0,0
199,0,0
200,1,1
201,0,0
202,0,0
203,0,0
204,0,0
205,0,0
206,0,0
207,0,0
208,38,38
209,0,0
210,9,9
211,0,0
212,12,12
213,50,50
214,25,25
215,33,33
216,6,6
217,5,5
218,0,0
219,0,0
220,13,13
221,1,1
222,7,7
223,36,36
224,5,5
225,8,8
226,0,0
227,46,46
228,13,13
229,0,0
230,29,29
231,0,0
232,0,0
233,0,0
234,46,46
235,0,0
236,24,24
237,5,5
238,21,21
239,31,31
240,89,89
241,53,53
242,8,8
243,12,12
244,0,0
245,0,0
246,0,0
247,0,0
248,0,0
249,13,13
250,2,2
251,0,0
252,65,65
253,19,19
254,0,0
255,9,9
256,0,0
257,4,4
258,0,0
259,44,44
260,32,32
261,0,0
262,0,0
263,4,4
264,7,7
265,2,2
266,0,0
267,0,0
268,0,0
269,0,0
270,3,3
271,0,0
272,23,23
273,0,0
274,0,0
275,0,0
276,24,24
277,0,0
278,10,10
279,0,0
280,16,16
281,47,47
282,0,0
283,22,22
284,47,47
285,6,6
286,16,16
287,0,0
288,15,15
289,33,33
290,7,7
291,0,0
292,8,8
293,31,31
294,0,0
295,3,3
296,0,0
297,37,37
298,0,0
299,0,0
300,36,36
301,7,7
302,6,6
303,10,10
304,45,45
305,0,0
306,6,6
307,8,8
308,7,7
309,4,4
310,0,0
311,52,52
312,0,0
313,23,23
314,0,0
315,29,29
316,0,0
317,26,26
318,0,0
319,9,9
320,48,48
321,0,0
322,0,0
323,27,27
324,0,0
325,15,15
326,2,2
327,5,5
328,0,0
329,0,0
330,14,14
331,18,18
332,16,16
333,0,0
334,0,0
335,0,0
336,6,6
337,0,0
338,0,0
339,0,0
340,0,0
341,5,5
342,0,0
343,21,21
344,6,6
345,14,14
346,0,0
347,53,53
348,7,7
349,2,2
350,0,0
351,25,25
352,3,3
353,0,0
354,0,0
355,0,0
356,138,138
357,0,0
358,21,21
359,10,10
360,2,2
361,0,0
362,0,0
363,3,3
364,0,0
365,4,4
366,19,19
367,34,34
368,15,15
369,0,0
370,0,0
371,5,5
372,0,0
373,52,52
374,0,0
375,45,45
376,5,5
377,0,0
378,20,20
379,0,0
380,10,10
381,0,0
382,0,0
383,8,8
384,12,12
385,73,73
386,4,4
387,0,0
388,0,0
389,2,2
390,0,0
391,0,0
392,0,0
393,6,6
394,19,19
395,0,0
396,11,11
397,4,4
398,0,0
399,79,79
400,0,0
401,11,11
402,123,123
403,22,22
404,0,0
405,132,132
406,10,10
407,22,22
408,0,0
409,0,0
410,0,0
411,0,0
412,7,7
413,0,0
414,0,0
415,6,6
416,16,16
417,0,0
418,0,0
419,28,28
420,0,0
421,2,2
422,6,6
423,0,0
424,4,4
425,38,38
426,0,0
427,0,0
428,0,0
429,0,0
430,52,52
431,0,0
432,0,0
433,0,0
434,4,4
435,0,0
436,0,0
437,49,49
438,0,0
439,20,20
440,0,0
441,0,0
442,0,0
443,43,43
444,0,0
445,0,0
446,48,48
447,20,20
448,19,19
449,0,0
450,27,27
451,0,0
452,0,0
453,2,2
454,25,25
455,0,0
456,0,0
457,36,36
458,16,16
459,0,0
460,0,0
461,0,0
462,0,0
463,4,4
464,37,37
465,19,19
466,0,0
467,0,0
468,46,46
469,0,0
470,14,14
471,13,13
472,10,10
473,58,58
474,6,6
475,27,27
476,0,0
477,0,0
478,8,8
479,0,0
480,0,0
481,55,55
482,0,0
483,46,46
484,19,19
485,40,40
486,0,0
487,41,41
488,0,0
489,0,0
490,9,9
491,64,64
492,13,13
493,0,0
494,0,0
495,69,69
496,0,0
497,7,7
498,0,0
499,0,0
500,73,73
501,0,0
502,0,0
503,45,45
504,0,0
505,95,95
506,0,0
507,0,0
508,40,40
509,28,28
510,2,2
511,0,0
512,0,0
513,98,98
514,59,59
515,11,11
516,54,54
517,0,0
518,19,19
519,29,29
520,0,0
521,26,26
522,0,0
523,0,0
524,0,0
525,82,82
526,0,0
527,59,59
528,0,0
529,0,0
530,0,0
531,13,13
532,10,10
533,0,0
534,31,31
535,0,0
536,62,62
537,43,43
538,0,0
539,29,29
540,0,0
541,0,0
542,20,20
543,0,0
544,55,55
545,31,31
546,60,60
547,0,0
548,50,50
549,25,25
550,32,32
551,0,0
552,0,0
553,0,0
554,11,11
555,0,0
556,0,0
557,1,1
558,0,0
559,56,56
560,0,0
561,66,66
562,87,87
563,0,0
564,66,66
565,0,0
566,0,0
567,0,0
568,0,0
569,0,0
570,7,7
571,23,23
572,0,0
573,34,34
574,0,0
575,21,21
576,0,0
577,0,0
578,0,0
579,40,40
580,4,4
581,0,0
582,0,0
583,0,0
584,0,0
585,8,8
586,9,9
587,35,35
588,4,4
589,116,116
590,4,4
591,0,0
592,78,78
593,0,0
594,0,0
595,0,0
596,0,0
597,0,0
598,0,0
599,0,0
600,35,35
601,10,10
602,13,13
603,36,36
604,18,18
605,0,0
606,6,6
607,78,78
608,21,21
609,15,15
610,0,0
611,69,69
612,6,6
613,9,9
614,0,0
615,0,0
616,0,0
617,0,0
618,0,0
619,0,0
620,0,0
621,0,0
622,43,43
623,0,0
624,27,27
625,20,20
626,26,26
627,4,4
628,0,0
629,0,0
630,28,28
631,46,46
632,9,9
633,0,0
634,69,69
635,44,44
636,12,12
637,62,62
638,71,71
639,33,33
640,76,76
641,147,147
642,0,0
643,19,19
644,54,54
645,0,0
646,72,72
647,0,0
648,10,10
649,0,0
650,0,0
651,0,0
652,23,23
653,0,0
654,52,52
655,1,1
656,0,0
657,0,0
658,0,0
659,5,5
660,0,0
661,0,0
662,0,0
663,0,0
664,0,0
665,15,15
666,18,18
667,10,10
668,0,0
669,17,17
670,10,10
671,61,61
672,0,0
673,2,2
674,42,42
675,44,44
676,0,0
677,46,46
678,35,35
679,2,2
680,0,0
681,0,0
682,0,0
683,12,12
684,0,0
685,22,22
686,15,15
687,0,0
688,0,0
689,94,94
690,0,0
691,48,48
692,0,0
693,93,93
694,0,0
695,0,0
696,0,0
697,11,11
698,0,0
699,13,13
700,0,0
701,24,24
702,0,0
703,50,50
704,45,45
705,94,94
706,31,31
707,47,47
708,0,0
709,0,0
710,0,0
711,20,20
712,8,8
713,0,0
714,0,0
715,0,0
716,131,131
717,0,0
718,15,15
719,0,0
720,25,25
721,25,25
722,0,0
723,4,4
724,0,0
725,0,0
726,0,0
727,0,0
728,0,0
729,0,0
730,20,20
731,13,13
732,3,3
733,0,0
734,0,0
735,0,0
736,29,29
737,0,0
738,53,53
739,52,52
740,10,10
741,83,83
742,71,71
743,1,1
744,9,9
745,29,29
746,12,12
747,26,26
748,0,0
749,0,0
750,74,74
751,0,0
752,0,0
753,5,5
754,0,0
755,10,10
756,0,0
757,32,32
758,0,0
759,0,0
760,1,1
761,0,0
762,76,76
763,28,28
764,12,12
765,0,0
766,51,51
767,0,0
768,0,0
769,0,0
770,0,0
771,42,42
772,0,0
773,81,81
774,23,23
775,2,2
776,3,3
777,0,0
778,0,0
779,0,0
780,0,0
781,19,19
782,19,19
783,0,0
784,0,0
785,35,35
786,9,9
787,22,22
788,0,0
789,21,21
790,25,25
791,45,45
792,0,0
793,0,0
794,0,0
795,0,0
796,0,0
797,41,41
798,0,0
799,27,27
800,39,39
801,22,22
802,27,27
803,0,0
804,0,0
805,0,0
806,0,0
807,11,11
808,10,10
809,16,16
810,21,21
811,3,3
812,0,0
813,1,1
814,63,63
815,143,143
816,0,0
817,0,0
818,0,0
819,9,9
820,15,15
821,0,0
822,0,0
823,0,0
824,35,35
825,0,0
826,4,4
827,0,0
828,44,44
829,13,13
830,0,0
831,9,9
832,2,2
833,48,48
834,0,0
835,0,0
836,29,29
837,7,7
838,4,4
839,38,38
840,0,0
841,78,78
842,0,0
843,46,46
844,0,0
845,0,0
846,44,44
847,3,3
848,8,8
849,43,43
850,52,52
851,8,8
852,0,0
853,0,0
854,0,0
855,8,8
856,0,0
857,44,44
858,10,10
859,0,0
860,0,0
861,2,2
862,0,0
863,7,7
864,20,20
865,7,7
866,0,0
867,0,0
868,0,0
869,9,9
870,0,0
871,14,14
872,33,33
873,0,0
874,30,30
875,40,40
876,9,9
877,23,23
878,27,27
879,63,63
880,0,0
881,4,4
882,0,0
883,0,0
884,39,39
885,0,0
886,0,0
887,0,0
888,20,20
889,0,0
890,27,27
891,0,0
892,21,21
893,0,0
894,5,5
895,17,17
896,7,7
897,0,0
898,0,0
899,0,0
900,0,0
901,0,0
902,3,3
903,17,17
904,0,0
905,0,0
906,0,0
907,0,0
908,9,9
909,0,0
910,0,0
911,0,0
912,73,73
913,11,11
914,13,13
915,16,16
916,23,23
917,3,3
918,15,15
919,0,0
920,29,29
921,31,31
922,122,122
923,29,29
924,0,0
925,17,17
926,12,12
927,4,4
928,24,24
929,7,7
930,0,0
931,0,0
932,6,6
933,35,35
934,55,55
935,6,6
936,0,0
937,0,0
938,20,20
939,0,0
940,55,55
941,0,0
942,48,48
943,0,0
944,8,8
945,0,0
946,32,32
947,0,0
948,0,0
949,16,16
950,27,27
951,0,0
952,18,18
953,28,28
954,41,41
955,23,23
956,28,28
957,15,15
958,0,0
959,13,13
960,0,0
961,2,2
962,11,11
963,8,8
964,0,0
965,4,4
966,18,18
967,15,15
968,14,14
969,36,36
970,22,22
971,38,38
972,0,0
973,7,7
974,5,5
975,0,0
976,14,14
977,0,0
978,0,0
979,0,0
980,0,0
981,11,11
982,22,22
983,13,13
984,27,27
985,72,72
986,0,0
987,51,51
988,0,0
989,0,0
990,81,81
991,0,0
992,8,8
993,3,3
994,0,0
995,21,21
996,0,0
997,0,0
998,0,0
999,3,3
1000,0,0
1001,5,5
1002,10,10
1003,13,13
1004,7,7
1005,5,5
1006,14,14
1007,7,7
1008,0,0
1009,0,0
1010,3,3
1011,0,0
1012,0,0
1013,0,0
1014,0,0
1015,0,0
1016,46,46
1017,31,31
1018,0,0
1019,0,0
1020,0,0
1021,13,13
1022,9,9
1023,20,20
1024,0,0
1025,0,0
1026,0,0
1027,23,23
1028,35,35
1029,0,0
1030,0,0
1031,0,0
1032,0,0
1033,0,0
1034,0,0
1035,0,0
1036,21,21
1037,8,8
1038,5,5
1039,12,12
1040,29,29
1041,0,0
1042,0,0
1043,27,27
1044,5,5
1045,0,0
1046,17,17
1047,8,8
1048,23,23
1049,6,6
1050,0,0
1051,11,11
1052,5,5
1053,0,0
1054,18,18
1055,0,0
1056,0,0
1057,0,0
1058,16,16
1059,0,0
1060,31,31
1061,0,0
1062,42,42
1063,0,0
1064,11,11
1065,0,0
1066,0,0
1067,0,0
1068,3,3
1069,0,0
1070,0,0
1071,0,0
1072,0,0
1073,0,0
1074,0,0
1075,0,0
1076,0,0
1077,0,0
1078,0,0
1079,16,16
1080,1,1
1081,8,8
1082,0,0
1083,2,2
1084,2,2
1085,0,0
1086,7,7
1087,30,30
1088,10,10
1089,14,14
1090,4,4
1091,57,57
1092,0,0
1093,0,0
1094,0,0
1095,7,7
1096,17,17
1097,30,30
1098,9,9
1099,8,8
1100,7,7
1101,0,0
1102,0,0
1103,10,10
1104,0,0
1105,6,6
1106,0,0
1107,17,17
1108,0,0
1109,17,17
1110,0,0
1111,2,2
1112,17,17
1113,0,0
1114,64,64
1115,15,15
1116,48,48
1117,0,0
1118,5,5
1119,0,0
1120,9,9
1121,3,3
1122,4,4
1123,0,0
1124,0,0
1125,0,0
1126,14,14
1127,5,5
1128,7,7
1129,0,0
1130,0,0
1131,0,0
1132,0,0
1133,0,0
1134,0,0
1135,12,12
1136,0,0
1137,0,0
1138,6,6
1139,12,12
1140,0,0
1141,10,10
1142,7,7
1143,4,4
1144,0,0
1145,7,7
1146,26,26
1147,3,3
1148,8,8
1149,3,3
1150,30,30
1151,6,6
1152,0,0
1153,0,0
1154,18,18
1155,21,21
1156,6,6
1157,0,0
1158,0,0
1159,0,0
1160,0,0
1161,0,0
1162,5,5
1163,51,51
1164,28,28
1165,57,57
1166,0,0
1167,10,10
1168,0,0
1169,0,0
1170,0,0
1171,0,0
1172,0,0
1173,0,0
1174,8,8
1175,0,0
1176,8,8
1177,5,5
1178,0,0
1179,0,0
1180,0,0
1181,10,10
1182,15,15
1183,0,0
1184,0,0
1185,8,8
1186,0,0
1187,0,0
1188,5,5
1189,0,0
1190,9,9
1191,8,8
1192,0,0
1193,0,0
1194,0,0
1195,0,0
1196,12,12
1197,27,27
1198,0,0
1199,7,7
1200,0,0
1201,0,0
1202,0,0
1203,0,0
1204,10,10
1205,2,2
1206,0,0
1207,1,1
1208,0,0
1209,0,0
1210,7,7
1211,23,23
1212,32,32
1213,0,0
1214,4,4
1215,3,3
1216,2,2
1217,13,13
1218,0,0
1219,71,71
1220,3,3
1221,14,14
1222,5,5
1223,0,0
1224,10,10
1225,19,19
1226,14,14
1227,0,0
1228,0,0
1229,0,0
1230,27,27
1231,0,0
1232,65,65
1233,4,4
1234,0,0
1235,92,92
1236,16,16
1237,0,0
1238,27,27
1239,153,153
1240,23,23
1241,10,10
1242,26,26
1243,22,22
1244,14,14
1245,0,0
1246,14,14
1247,0,0
1248,0,0
1249,13,13
1250,0,0
1251,2,2
1252,0,0
1253,27,27
1254,0,0
1255,10,10
1256,10,10
1257,25,25
1258,3,3
1259,20,20
1260,28,28
1261,25,25
1262,23,23
1263,1,1
1264,10,10
1265,5,5
1266,8,8
1267,69,69
1268,0,0
1269,23,23
1270,8,8
1271,26,26
1272,10,10
1273,7,7
1274,0,0
1275,0,0
1276,43,43
1277,0,0
1278,0,0
1279,0,0
1280,6,6
1281,14,14
1282,26,26
1283,31,31
1284,22,22
1285,0,0
1286,0,0
1287,0,0
1288,0,0
1289,2,2
1290,0,0
1291,8,8
1292,0,0
1293,22,22
1294,0,0
1295,30,30
1296,0,0
1297,13,13
1298,14,14
1299,15,15
1300,18,18
1301,0,0
1302,0,0
1303,4,4
1304,5,5
1305,0,0
1306,1,1
1307,0,0
1308,8,8
1309,3,3
1310,21,21
1311,5,5
1312,0,0
1313,3,3
1314,3,3
1315,1,1
1316,29,29
1317,12,12
1318,12,12
1319,7,7
1320,0,0
1321,0,0
1322,14,14
1323,0,0
1324,17,17
1325,15,15
1326,25,25
1327,23,23
1328,12,12
1329,4,4
1330,14,14
1331,0,0
1332,1,1
1333,4,4
1334,0,0
1335,15,15
1336,3,3
1337,8,8
1338,0,0
1339,46,46
1340,0,0
1341,0,0
1342,12,12
1343,9,9
1344,5,5
1345,0,0
1346,2,2
1347,5,5
1348,30,30
1349,0,0
1350,25,25
1351,25,25
1352,14,14
1353,0,0
1354,19,19
1355,0,0
1356,14,14
1357,15,15
1358,11,11
1359,44,44
1360,25,25
1361,30,30
1362,0,0
1363,0,0
1364,3,3
1365,6,6
1366,1,1
1367,0,0
1368,9,9
1369,0,0
1370,0,0
1371,14,14
1372,0,0
1373,12,12
1374,24,24
1375,32,32
1376,34,34
1377,7,7
1378,0,0
1379,22,22
1380,0,0
1381,2,2
1382,16,16
1383,86,86
1384,1,1
1385,8,8
1386,0,0
1387,6,6
1388,0,0
1389,0,0
1390,11,11
1391,38,38
1392,0,0
1393,4,4
1394,24,24
1395,0,0
1396,22,22
1397,29,29
1398,0,0
1399,1,1
1400,0,0
1401,0,0
1402,31,31
1403,5,5
1404,3,3
1405,41,41
1406,9,9
1407,0,0
1408,26,26
1409,25,25
1410,46,46
1411,11,11
1412,5,5
1413,31,31
1414,0,0
1415,0,0
1416,0,0
1417,9,9
1418,23,23
1419,57,57
1420,0,0
1421,0,0
1422,16,16
1423,9,9
1424,0,0
1425,0,0
1426,0,0
1427,11,11
1428,0,0
1429,131,131
1430,6,6
1431,0,0
1432,4,4
1433,19,19
1434,3,3
1435,9,9
1436,22,22
1437,20,20
1438,51,51
1439,0,0
1440,34,34
1441,13,13
1442,0,0
1443,5,5
1444,0,0
1445,1,1
1446,0,0
1447,0,0
1448,47,47
1449,0,0
1450,38,38
1451,66,66
1452,46,46
1453,13,13
1454,0,0
1455,0,0
1456,3,3
1457,0,0
1458,15,15
1459,0,0
1460,0,0
1461,0,0
1462,4,4
1463,10,10
1464,53,53
1465,5,5
1466,5,5
1467,0,0
1468,36,36
1469,10,10
1470,29,29
1471,16,16
1472,29,29
1473,25,25
1474,34,34
1475,0,0
1476,47,47
1477,9,9
1478,19,19
1479,7,7
1480,5,5
1481,0,0
1482,12,12
1483,0,0
1484,41,41
1485,0,0
1486,0,0
1487,0,0
1488,0,0
1489,11,11
1490,2,2
1491,0,0
1492,8,8
1493,0,0
1494,57,57
1495,31,31
1496,71,71
1497,2,2
1498,33,33
1499,0,0
1500,29,29
1501,5,5
1502,10,10
1503,0,0
1504,11,11
1505,0,0
1506,0,0
1507,40,40
1508,0,0
1509,0,0
1510,0,0
1511,12,12
1512,9,9
1513,29,29
1514,10,10
1515,0,0
1516,5,5
1517,0,0
1518,32,32
1519,0,0
1520,0,0
1521,25,25
1522,21,21
1523,7,7
1524,30,30
1525,10,10
1526,2,2
1527,16,16
1528,16,16
1529,0,0
1530,0,0
1531,16,16
1532,0,0
1533,29,29
1534,0,0
1535,77,77
1536,1,1
1537,0,0
1538,0,0
1539,6,6
1540,5,5
1541,90,90
1542,8,8
1543,0,0
1544,12,12
1545,8,8
1546,34,34
1547,14,14
1548,0,0
1549,3,3
1550,11,11
1551,9,9
1552,0,0
1553,35,35
1554,0,0
1555,45,45
1556,28,28
1557,12,12
1558,11,11
1559,0,0
1560,0,0
1561,0,0
1562,24,24
1563,6,6
1564,8,8
1565,0,0
1566,9,9
1567,0,0
1568,0,0
1569,0,0
1570,7,7
1571,3,3
1572,0,0
1573,15,15
1574,16,16
1575,7,7
1576,6,6
1577,0,0
1578,9,9
1579,0,0
1580,5,5
1581,0,0
1582,0,0
1583,1,1
1584,0,0
1585,3,3
1586,38,38
1587,28,28
1588,25,25
1589,15,15
1590,0,0
1591,65,65
1592,0,0
1593,18,18
1594,0,0
1595,0,0
1596,10,10
1597,0,0
1598,6,6
1599,14,14
1600,0,0
1601,2,2
1602,0,0
1603,18,18
1604,0,0
1605,0,0
1606,36,36
1607,0,0
1608,1,1
1609,0,0
1610,0,0
1611,0,0
1612,51,51
1613,3,3
1614,0,0
1615,0,0
1616,73,73
1617,27,27
1618,4,4
1619,2,2
1620,0,0
1621,4,4
1622,0,0
1623,0,0
1624,0,0
1625,0,0
1626,0,0
1627,20,20
1628,1,1
1629,2,2
1630,27,27
1631,0,0
1632,6,6
1633,4,4
1634,0,0
1635,25,25
1636,0,0
1637,0,0
1638,154,154
1639,0,0
1640,0,0
1641,59,59
1642,0,0
1643,5,5
1644,0,0
1645,9,9
1646,8,8
1647,0,0
1648,0,0
1649,0,0
1650,17,17
1651,0,0
1652,0,0
1653,28,28
1654,0,0
1655,2,2
1656,0,0
1657,0,0
1658,0,0
1659,0,0
1660,0,0
1661,0,0
1662,0,0
1663,29,29
1664,7,7
1665,0,0
1666,13,13
1667,0,0
1668,0,0
1669,13,13
1670,0,0
1671,3,3
1672,0,0
1673,5,5
1674,0,0
1675,0,0
1676,0,0
1677,0,0
1678,0,0
1679,15,15
1680,2,2
1681,1,1
1682,20,20
1683,0,0
1684,0,0
1685,5,5
1686,8,8
1687,0,0
1688,0,0
1689,77,77
1690,0,0
1691,18,18
1692,0,0
1693,0,0
1694,16,16
1695,0,0
1696,13,13
1697,0,0
1698,0,0
1699,8,8
1700,0,0
1701,10,10
1702,0,0
1703,8,8
1704,0,0
1705,0,0
1706,0,0
1707,0,0
1708,21,21
1709,0,0
1710,15,15
1711,18,18
1712,0,0
1713,13,13
1714,24,24
1715,3,3
1716,0,0
1717,26,26
1718,28,28
1719,7,7
1720,1,1
1721,3,3
1722,13,13
1723,40,40
1724,35,35
1725,22,22
1726,0,0
1727,4,4
1728,0,0
1729,2,2
1730,2,2
1731,0,0
1732,0,0
1733,0,0
1734,0,0
1735,0,0
1736,37,37
1737,13,13
1738,5,5
1739,7,7
1740,33,33
1741,3,3
1742,13,13
1743,0,0
1744,8,8
1745,0,0
1746,41,41
1747,5,5
1748,0,0
1749,13,13
1750,0,0
1751,0,0
1752,0,0
1753,0,0
1754,1,1
1755,34,34
1756,13,13
1757,24,24
1758,64,64
1759,0,0
1760,7,7
1761,0,0
1762,0,0
1763,2,2
1764,6,6
1765,0,0
1766,13,13
1767,0,0
1768,0,0
1769,0,0
1770,33,33
1771,2,2
1772,0,0
1773,0,0
1774,13,13
1775,10,10
1776,0,0
1777,0,0
1778,10,10
1779,0,0
1780,0,0
1781,4,4
1782,82,82
1783,45,45
1784,16,16
1785,7,7
1786,0,0
1787,63,63
1788,23,23
1789,11,11
1790,0,0
1791,0,0
1792,19,19
1793,8,8
1794,0,0
1795,16,16
1796,0,0
1797,6,6
1798,0,0
1799,0,0
1800,0,0
1801,0,0
1802,0,0
1803,0,0
1804,0,0
1805,0,0
1806,24,24
1807,19,19
1808,1,1
1809,0,0
1810,0,0
1811,26,26
1812,10,10
1813,0,0
1814,6,6
1815,0,0
1816,0,0
1817,4,4
1818,16,16
1819,0,0
1820,0,0
1821,7,7
1822,15,15
1823,0,0
1824,0,0
1825,3,3
1826,15,15
1827,8,8
1828,5,5
1829,16,16
1830,0,0
1831,8,8
1832,45,45
1833,20,20
1834,0,0
1835,0,0
1836,0,0
1837,0,0
1838,0,0
1839,13,13
1840,0,0
1841,0,0
1842,0,0
1843,0,0
1844,22,22
1845,0,0
1846,30,30
1847,24,24
1848,16,16
1849,0,0
1850,56,56
1851,9,9
1852,12,12
1853,0,0
1854,30,30
1855,33,33
1856,10,10
1857,0,0
1858,2,2
1859,26,26
1860,5,5
1861,6,6
1862,0,0
1863,7,7
1864,0,0
1865,105,105
1866,0,0
1867,73,73
1868,0,0
1869,10,10
1870,1,1
1871,28,28
1872,33,33
1873,21,21
1874,19,19
1875,14,14
1876,20,20
1877,0,0
1878,48,48
1879,15,15
1880,33,33
1881,44,44
1882,0,0
1883,0,0
1884,18,18
1885,21,21
1886,0,0
1887,0,0
1888,28,28
1889,25,25
1890,14,14
1891,0,0
1892,0,0
1893,0,0
1894,8,8
1895,1,1
1896,4,4
1897,20,20
1898,36,36
1899,15,15
1900,0,0
1901,15,15
1902,0,0
1903,7,7
1904,7,7
1905,0,0
1906,9,9
1907,37,37
1908,0,0
1909,0,0
1910,9,9
1911,2,2
1912,21,21
1913,15,15
1914,13,13
1915,17,17
1916,15,15
1917,0,0
1918,5,5
1919,9,9
1920,58,58
1921,21,21
1922,4,4
1923,2,2
1924,55,55
1925,0,0
1926,0,0
1927,0,0
1928,47,47
1929,2,2
1930,0,0
1931,44,44
1932,50,50
1933,17,17
1934,4,4
1935,0,0
1936,0,0
1937,41,41
1938,1,1
1939,0,0
1940,9,9
1941,10,10
1942,0,0
1943,8,8
1944,13,13
1945,0,0
1946,33,33
1947,8,8
1948,6,6
1949,0,0
1950,19,19
1951,24,24
1952,0,0
1953,51,51
1954,0,0
1955,41,41
1956,0,0
1957,6,6
1958,0,0
1959,22,22
1960,6,6
1961,9,9
1962,15,15
1963,4,4
1964,19,19
1965,4,4
1966,0,0
1967,19,19
1968,0,0
1969,14,14
1970,0,0
1971,0,0
1972,35,35
1973,0,0
1974,20,20
1975,4,4
1976,0,0
1977,17,17
1978,9,9
1979,0,0
1980,22,22
1981,4,4
1982,0,0
1983,45,45
1984,0,0
1985,23,23
1986,2,2
1987,0,0
1988,0,0
1989,5,5
1990,0,0
1991,1,1
1992,0,0
1993,0,0
1994,10,10
1995,1,1
1996,7,7
1997,0,0
1998,11,11
1999,0,0
2000,19,19
2001,22,22
2002,11,11
2003,4,4
2004,81,81
2005,5,5
2006,63,63
2007,5,5
2008,5,5
2009,5,5
2010,4,4
2011,14,14
2012,15,15
2013,22,22
2014,32,32
2015,6,6
2016,2,2
2017,1,1
2018,5,5
2019,5,5
2020,5,5
2021,10,10
2022,19,19
2023,24,24
2024,5,5
2025,5,5
2026,19,19
2027,0,0
2028,4,4
2029,7,7
2030,5,5
2031,0,0
2032,4,4
2033,5,5
2034,3,3
2035,0,0
2036,16,16
2037,5,5
2038,7,7
2039,0,0
2040,42,42
2041,5,5
2042,0,0
2043,0,0
2044,4,4
2045,6,6
2046,1,1
2047,5,5
2048,23,23
2049,9,9
2050,0,0
2051,19,19
2052,5,5
2053,13,13
2054,5,5
2055,5,5
2056,0,0
2057,0,0
2058,15,15
2059,21,21
2060,19,19
2061,0,0
2062,5,5
2063,58,58
2064,5,5
2065,5,5
2066,9,9
2067,0,0
2068,12,12
2069,6,6
2070,7,7
2071,8,8
2072,9,9
2073,9,9
2074,5,5
2075,5,5
2076,0,0
2077,0,0
2078,5,5
2079,0,0
2080,3,3
2081,4,4
2082,0,0
2083,0,0
2084,4,4
2085,26,26
2086,6,6
2087,0,0
2088,4,4
2089,0,0
2090,19,19
2091,5,5
2092,11,11
2093,20,20
2094,13,13
2095,25,25
2096,8,8
2097,14,14
2098,0,0
2099,17,17
2100,18,18
2101,0,0
2102,6,6
2103,5,5
2104,0,0
2105,5,5
2106,6,6
2107,16,16
2108,38,38
2109,0,0
2110,0,0
2111,36,36
2112,2,2
2113,4,4
2114,14,14
2115,14,14
2116,0,0
2117,30,30
2118,1,1
2119,5,5
2120,1,1
2121,15,15
2122,9,9
2123,22,22
2124,0,0
2125,11,11
2126,0,0
2127,0,0
2128,52,52
2129,5,5
2130,6,6
2131,5,5
2132,4,4
2133,5,5
2134,5,5
2135,1,1
2136,30,30
2137,5,5
2138,5,5
2139,6,6
2140,11,11
2141,5,5
2142,31,31
2143,15,15
2144,9,9
2145,0,0
2146,8,8
2147,14,14
2148,32,32
2149,6,6
2150,4,4
2151,6,6
2152,12,12
2153,7,7
2154,5,5
2155,19,19
2156,1,1
2157,6,6
2158,8,8
2159,6,6
2160,33,33
2161,13,13
2162,11,11
2163,0,0
2164,6,6
2165,1,1
2166,6,6
2167,0,0
2168,8,8
2169,0,0
2170,0,0
2171,55,55
2172,0,0
2173,2,2
2174,5,5
2175,0,0
2176,3,3
2177,19,19
2178,0,0
2179,3,3
2180,48,48
2181,0,0
2182,1,1
2183,5,5
2184,0,0
2185,6,6
2186,7,7
2187,0,0
2188,53,53
2189,0,0
2190,0,0
2191,2,2
2192,6,6
2193,11,11
2194,0,0
2195,6,6
2196,23,23
2197,0,0
2198,0,0
2199,23,23
2200,0,0
2201,11,11
2202,0,0
2203,0,0
2204,0,0
2205,0,0
2206,13,13
2207,0,0
2208,48,48
2209,0,0
2210,12,12
2211,19,19
2212,3,3
2213,31,31
2214,0,0
2215,15,15
2216,0,0
2217,0,0
2218,17,17
2219,0,0
2220,0,0
2221,9,9
2222,0,0
2223,0,0
2224,8,8
2225,0,0
2226,6,6
2227,4,4
2228,0,0
2229,2,2
2230,0,0
2231,0,0
2232,8,8
2233,0,0
2234,0,0
2235,0,0
2236,32,32
2237,4,4
2238,0,0
2239,0,0
2240,0,0
2241,6,6
2242,0,0
2243,0,0
2244,20,20
2245,4,4
2246,6,6
2247,29,29
2248,16,16
2249,39,39
2250,0,0
2251,0,0
2252,0,0
2253,0,0
2254,16,16
2255,14,14
2256,5,5
2257,20,20
2258,0,0
2259,0,0
2260,2,2
2261,35,35
2262,25,25
2263,15,15
2264,0,0
2265,0,0
2266,36,36
2267,6,6
2268,20,20
2269,48,48
2270,5,5
2271,0,0
2272,8,8
2273,12,12
2274,0,0
2275,10,10
2276,28,28
2277,0,0
2278,0,0
2279,0,0
2280,0,0
2281,13,13
2282,0,0
2283,13,13
2284,0,0
2285,13,13
2286,0,0
2287,22,22
2288,6,6
2289,0,0
2290,0,0
2291,0,0
2292,13,13
2293,17,17
2294,10,10
2295,0,0
2296,8,8
2297,0,0
2298,0,0
2299,6,6
2300,0,0
2301,2,2
2302,47,47
2303,0,0
2304,0,0
2305,13,13
2306,8,8
2307,0,0
2308,8,8
2309,28,28
2310,37,37
2311,10,10
2312,46,46
2313,59,59
2314,20,20
2315,34,34
2316,50,50
2317,3,3
2318,16,16
2319,0,0
2320,7,7
2321,0,0
2322,7,7
2323,15,15
2324,29,29
2325,0,0
2326,0,0
2327,0,0
2328,0,0
2329,11,11
2330,0,0
2331,16,16
2332,0,0
2333,12,12
2334,13,13
2335,0,0
2336,5,5
2337,22,22
2338,0,0
2339,21,21
2340,13,13
2341,19,19
2342,15,15
2343,0,0
2344,0,0
2345,30,30
2346,6,6
2347,0,0
2348,11,11
2349,20,20
2350,60,60
2351,0,0
2352,0,0
2353,38,38
2354,4,4
2355,0,0
2356,10,10
2357,73,73
2358,0,0
2359,1,1
2360,8,8
2361,0,0
2362,8,8
2363,18,18
2364,0,0
2365,0,0
2366,0,0
2367,0,0
2368,0,0
2369,19,19
2370,15,15
2371,0,0
2372,6,6
2373,167,167
2374,13,13
2375,12,12
2376,8,8
2377,0,0
2378,0,0
2379,0,0
2380,0,0
2381,11,11
2382,0,0
2383,4,4
2384,2,2
2385,30,30
2386,8,8
2387,8,8
2388,13,13
2389,4,4
2390,6,6
2391,0,0
2392,27,27
2393,18,18
2394,17,17
2395,0,0
2396,19,19
2397,0,0
2398,0,0
2399,44,44
2400,0,0
2401,65,65
2402,48,48
2403,0,0
2404,30,30
2405,41,41
2406,18,18
2407,0,0
2408,40,40
2409,0,0
2410,0,0
2411,129,129
2412,0,0
2413,26,26
2414,112,112
2415,73,73
2416,14,14
2417,0,0
2418,26,26
2419,22,22
2420,0,0
2421,0,0
2422,0,0
2423,45,45
2424,37,37
2425,0,0
2426,100,100
2427,0,0
2428,38,38
2429,14,14
2430,0,0
2431,0,0
2432,33,33
2433,0,0
2434,0,0
2435,20,20
2436,0,0
2437,46,46
2438,33,33
2439,0,0
2440,0,0
2441,27,27
2442,44,44
2443,0,0
2444,57,57
2445,0,0
2446,0,0
2447,30,30
2448,0,0
2449,90,90
2450,0,0
2451,12,12
2452,75,75
2453,0,0
2454,43,43
2455,14,14
2456,0,0
2457,0,0
2458,37,37
2459,2,2
2460,0,0
2461,42,42
2462,0,0
2463,0,0
2464,0,0
2465,9,9
2466,32,32
2467,0,0
2468,0,0
2469,0,0
2470,0,0
2471,67,67
2472,24,24
2473,59,59
2474,1,1
2475,0,0
2476,86,86
2477,0,0
2478,0,0
2479,0,0
2480,14,14
2481,26,26
2482,46,46
2483,0,0
2484,55,55
2485,0,0
2486,0,0
2487,0,0
2488,18,18
2489,4,4
2490,0,0
2491,0,0
2492,0,0
2493,0,0
2494,102,102
2495,70,70
2496,67,67
2497,90,90
2498,29,29
2499,64,64
2500,40,40
2501,17,17
2502,1,1
2503,27,27
2504,44,44
2505,50,50
2506,8,8
2507,29,29
2508,25,25
2509,0,0
2510,73,73
2511,0,0
2512,35,35
2513,0,0
2514,0,0
2515,13,13
2516,0,0
2517,35,35
2518,16,16
2519,69,69
2520,10,10
2521,39,39
2522,0,0
2523,29,29
2524,0,0
2525,135,135
2526,29,29
2527,0,0
2528,0,0
2529,67,67
2530,33,33
2531,37,37
2532,10,10
2533,47,47
2534,20,20
2535,73,73
2536,0,0
2537,0,0
2538,26,26
2539,25,25
2540,0,0
2541,13,13
2542,25,25
2543,0,0
2544,37,37
2545,0,0
2546,14,14
2547,45,45
2548,0,0
2549,0,0
2550,0,0
2551,0,0
2552,32,32
2553,0,0
2554,0,0
2555,0,0
2556,0,0
2557,0,0
2558,0,0
2559,0,0
2560,0,0
2561,0,0
2562,0,0
2563,59,59
2564,0,0
2565,24,24
2566,0,0
2567,0,0
2568,0,0
2569,0,0
2570,44,44
2571,0,0
2572,0,0
2573,0,0
2574,12,12
2575,0,0
2576,0,0
2577,0,0
2578,31,31
2579,0,0
2580,16,16
2581,141,141
2582,0,0
2583,0,0
2584,40,40
2585,57,57
2586,0,0
2587,37,37
2588,27,27
2589,20,20
2590,6,6
2591,21,21
2592,116,116
2593,27,27
2594,0,0
2595,30,30
2596,0,0
2597,0,0
2598,16,16
2599,0,0
2600,26,26
2601,0,0
2602,14,14
2603,0,0
2604,0,0
2605,9,9
2606,0,0
2607,5,5
2608,25,25
2609,4,4
2610,8,8
2611,6,6
2612,0,0
2613,0,0
2614,0,0
2615,0,0
2616,0,0
2617,0,0
2618,3,3
2619,86,86
2620,0,0
2621,10,10
2622,3,3
2623,33,33
2624,0,0
2625,14,14
2626,7,7
2627,0,0
2628,0,0
2629,0,0
2630,0,0
2631,0,0
2632,57,57
2633,0,0
2634,11,11
2635,0,0
2636,23,23
2637,0,0
2638,24,24
2639,4,4
2640,0,0
2641,21,21
2642,19,19
2643,2,2
2644,8,8
2645,0,0
2646,0,0
2647,71,71
2648,0,0
2649,21,21
2650,0,0
2651,0,0
2652,12,12
2653,1,1
2654,43,43
2655,16,16
2656,6,6
2657,0,0
2658,16,16
2659,46,46
2660,5,5
2661,4,4
2662,0,0
2663,0,0
2664,20,20
2665,4,4
2666,0,0
2667,0,0
2668,71,71
2669,0,0
2670,3,3
2671,0,0
2672,0,0
2673,15,15
2674,1,1
2675,49,49
2676,0,0
2677,11,11
2678,23,23
2679,0,0
2680,2,2
2681,7,7
2682,0,0
2683,0,0
2684,34,34
2685,7,7
2686,36,36
2687,11,11
2688,11,11
2689,26,26
2690,0,0
2691,11,11
2692,0,0
2693,0,0
2694,0,0
2695,21,21
2696,33,33
2697,5,5
2698,0,0
2699,27,27
2700,0,0
2701,0,0
2702,13,13
2703,0,0
2704,29,29
2705,30,30
2706,0,0
2707,7,7
2708,9,9
2709,12,12
2710,3,3
2711,0,0
2712,20,20
2713,6,6
2714,3,3
2715,11,11
2716,0,0
2717,13,13
2718,0,0
2719,3,3
2720,0,0
2721,91,91
2722,0,0
2723,28,28
2724,0,0
2725,51,51
2726,0,0
2727,59,59
2728,0,0
2729,25,25
2730,11,11
2731,0,0
2732,0,0
2733,17,17
2734,19,19
2735,12,12
2736,76,76
2737,0,0
2738,11,11
2739,16,16
2740,6,6
2741,23,23
2742,47,47
2743,18,18
2744,0,0
2745,0,0
2746,35,35
2747,3,3
2748,90,90
2749,107,107
2750,11,11
2751,0,0
2752,0,0
2753,0,0
2754,22,22
2755,6,6
2756,27,27
2757,0,0
2758,8,8
2759,0,0
2760,0,0
2761,0,0
2762,0,0
2763,19,19
2764,0,0
2765,15,15
2766,24,24
2767,0,0
2768,0,0
2769,42,42
2770,0,0
2771,0,0
2772,0,0
2773,0,0
2774,0,0
2775,17,17
2776,0,0
2777,11,11
2778,10,10
2779,0,0
2780,4,4
2781,0,0
2782,0,0
2783,15,15
2784,0,0
2785,4,4
2786,0,0
2787,1,1
2788,0,0
2789,17,17
2790,68,68
2791,0,0
2792,0,0
2793,9,9
2794,32,32
2795,21,21
2796,14,14
2797,0,0
2798,0,0
2799,22,22
2800,0,0
2801,8,8
2802,0,0
2803,22,22
2804,22,22
2805,0,0
2806,0,0
2807,1,1
2808,9,9
2809,19,19
2810,17,17
2811,7,7
2812,0,0
2813,2,2
2814,16,16
2815,8,8
2816,22,22
2817,35,35
2818,23,23
2819,28,28
2820,33,33
2821,0,0
2822,0,0
2823,143,143
2824,4,4
2825,0,0
2826,0,0
2827,32,32
2828,0,0
2829,8,8
2830,0,0
2831,9,9
2832,7,7
2833,11,11
2834,0,0
2835,0,0
2836,0,0
2837,0,0
2838,0,0
2839,0,0
2840,13,13
2841,9,9
2842,0,0
2843,4,4
2844,4,4
2845,135,135
2846,22,22
2847,9,9
2848,0,0
2849,54,54
2850,57,57
2851,0,0
2852,0,0
2853,1,1
2854,20,20
2855,5,5
2856,12,12
2857,5,5
2858,37,37
2859,16,16
2860,1,1
2861,0,0
2862,0,0
2863,4,4
2864,59,59
2865,4,4
2866,11,11
2867,1,1
2868,3,3
2869,14,14
2870,27,27
2871,4,4
2872,0,0
2873,19,19
2874,69,69
2875,87,87
2876,9,9
2877,16,16
2878,77,77
2879,12,12
2880,3,3
2881,4,4
2882,8,8
2883,43,43
2884,52,52
2885,0,0
2886,8,8
2887,5,5
2888,18,18
2889,125,125
2890,37,37
2891,5,5
2892,4,4
2893,5,5
2894,0,0
2895,41,41
2896,68,68
2897,4,4
2898,0,0
2899,4,4
2900,0,0
2901,0,0
2902,18,18
2903,0,0
2904,16,16
2905,3,3
2906,0,0
2907,0,0
2908,18,18
2909,23,23
2910,10,10
2911,0,0
2912,0,0
2913,18,18
2914,14,14
2915,4,4
2916,0,0
2917,0,0
2918,67,67
2919,9,9
2920,13,13
2921,69,69
2922,2,2
2923,10,10
2924,0,0
2925,5,5
2926,0,0
2927,11,11
2928,3,3
2929,0,0
2930,0,0
2931,0,0
2932,1,1
2933,7,7
2934,9,9
2935,14,14
2936,0,0
2937,0,0
2938,0,0
2939,0,0
2940,111,111
2941,0,0
2942,6,6
2943,4,4
2944,55,55
2945,1,1
2946,0,0
2947,4,4
2948,82,82
2949,27,27
2950,54,54
2951,0,0
2952,25,25
2953,73,73
2954,4,4
2955,0,0
2956,2,2
2957,0,0
2958,0,0
2959,0,0
2960,0,0
2961,0,0
2962,0,0
2963,4,4
2964,8,8
2965,36,36
2966,4,4
2967,3,3
2968,5,5
2969,9,9
2970,0,0
2971,4,4
2972,7,7
2973,0,0
2974,0,0
2975,33,33
2976,79,79
2977,4,4
2978,47,47
2979,4,4
2980,3,3
2981,22,22
2982,0,0
2983,25,25
2984,4,4
2985,7,7
2986,11,11
2987,96,96
2988,0,0
2989,8,8
2990,0,0
2991,4,4
2992,19,19
2993,18,18
2994,4,4
2995,114,114
2996,7,7
2997,0,0
2998,9,9
2999,4,4
3000,0,0
3001,116,116
3002,0,0
3003,0,0
3004,0,0
3005,0,0
3006,14,14
3007,0,0
3008,0,0
3009,23,23
3010,20,20
3011,17,17
3012,0,0
3013,6,6
3014,66,66
3015,0,0
3016,0,0
3017,20,20
3018,20,20
3019,57,57
3020,0,0
3021,19,19
3022,0,0
3023,0,0
3024,0,0
3025,82,82
3026,0,0
3027,0,0
3028,25,25
3029,6,6
3030,0,0
3031,60,60
3032,38,38
3033,0,0
3034,25,25
3035,34,34
3036,47,47
3037,0,0
3038,81,81
3039,0,0
3040,55,55
3041,0,0
3042,0,0
3043,19,19
3044,0,0
3045,5,5
3046,0,0
3047,24,24
3048,0,0
3049,0,0
3050,40,40
3051,8,8
3052,129,129
3053,13,13
3054,19,19
3055,12,12
3056,0,0
3057,0,0
3058,0,0
3059,33,33
3060,0,0
3061,63,63
3062,0,0
3063,35,35
3064,0,0
3065,111,111
3066,32,32
3067,0,0
3068,0,0
3069,41,41
3070,0,0
3071,17,17
3072,0,0
3073,90,90
3074,0,0
3075,0,0
3076,0,0
3077,0,0
3078,0,0
3079,0,0
3080,0,0
3081,23,23
3082,0,0
3083,47,47
3084,34,34
3085,0,0
3086,0,0
3087,56,56
3088,98,98
3089,9,9
3090,0,0
3091,1,1
3092,0,0
3093,8,8
3094,85,85
3095,31,31
3096,0,0
3097,0,0
3098,0,0
3099,0,0
3100,0,0
3101,0,0
3102,0,0
3103,0,0
3104,0,0
3105,0,0
3106,0,0
3107,121,121
3108,29,29
3109,0,0
3110,3,3
3111,2,2
3112,0,0
3113,0,0
3114,18,18
3115,0,0
3116,58,58
3117,4,4
3118,0,0
3119,0,0
3120,52,52
3121,0,0
3122,83,83
3123,21,21
3124,7,7
3125,21,21
3126,0,0
3127,0,0
3128,0,0
3129,0,0
3130,92,92
3131,0,0
3132,0,0
3133,0,0
3134,0,0
3135,0,0
3136,0,0
3137,51,51
3138,3,3
3139,0,0
3140,44,44
3141,0,0
3142,18,18
3143,0,0
3144,47,47
3145,75,75
3146,0,0
3147,0,0
3148,0,0
3149,0,0
3150,0,0
3151,101,101
3152,0,0
3153,0,0
3154,22,22
3155,0,0
3156,0,0
3157,6,6
3158,0,0
3159,16,16
3160,5,5
3161,0,0
3162,0,0
3163,110,110
3164,89,89
3165,87,87
3166,65,65
3167,45,45
3168,69,69
3169,105,105
3170,0,0
3171,0,0
3172,34,34
3173,11,11
3174,21,21
3175,33,33
3176,0,0
3177,0,0
3178,0,0
3179,0,0
3180,0,0
3181,129,129
3182,0,0
3183,5,5
3184,12,12
3185,0,0
3186,22,22
3187,0,0
3188,103,103
3189,0,0
3190,0,0
3191,0,0
3192,0,0
3193,0,0
3194,94,94
3195,23,23
3196,0,0
3197,43,43
3198,0,0
3199,0,0
3200,47,47
3201,65,65
3202,4,4
3203,0,0
3204,33,33
3205,0,0
3206,0,0
3207,15,15
3208,0,0
3209,0,0
3210,0,0
3211,0,0
3212,33,33
3213,10,10
3214,79,79
3215,0,0
3216,4,4
3217,6,6
3218,0,0
3219,0,0
3220,8,8
3221,12,12
3222,46,46
3223,104,104
3224,21,21
3225,14,14
3226,0,0
3227,0,0
3228,0,0
3229,0,0
3230,0,0
3231,32,32
3232,0,0
3233,40,40
3234,29,29
3235,48,48
3236,6,6
3237,0,0
3238,0,0
3239,0,0
3240,0,0
3241,6,6
3242,0,0
3243,32,32
3244,0,0
3245,37,37
3246,0,0
3247,0,0
3248,3,3
3249,8,8
3250,0,0
3251,13,13
3252,0,0
3253,0,0
3254,0,0
3255,71,71
3256,0,0
3257,0,0
3258,0,0
3259,0,0
3260,0,0
3261,31,31
3262,20,20
3263,14,14
3264,34,34
3265,8,8
3266,9,9
3267,86,86
3268,0,0
3269,17,17
3270,102,102
3271,90,90
3272,0,0
3273,0,0
3274,0,0
3275,0,0
3276,0,0
3277,0,0
3278,41,41
3279,0,0
3280,0,0
3281,0,0
3282,0,0
3283,2,2
3284,48,48
3285,4,4
3286,0,0
3287,0,0
3288,27,27
3289,0,0
3290,0,0
3291,42,42
3292,13,13
3293,0,0
3294,49,49
3295,41,41
3296,19,19
3297,0,0
3298,17,17
3299,0,0
3300,0,0
3301,0,0
3302,0,0
3303,0,0
3304,0,0
3305,2,2
3306,12,12
3307,0,0
3308,1,1
3309,6,6
3310,11,11
3311,61,61
3312,0,0
3313,0,0
3314,0,0
3315,13,13
3316,8,8
3317,0,0
3318,19,19
3319,13,13
3320,0,0
3321,0,0
3322,8,8
3323,0,0
3324,0,0
3325,21,21
3326,0,0
3327,12,12
3328,0,0
3329,0,0
3330,0,0
3331,0,0
3332,0,0
3333,5,5
3334,0,0
3335,1,1
3336,4,4
3337,3,3
3338,0,0
3339,12,12
3340,10,10
3341,13,13
3342,0,0
3343,0,0
3344,0,0
3345,0,0
3346,17,17
3347,51,51
3348,3,3
3349,0,0
3350,35,35
3351,0,0
3352,0,0
3353,0,0
3354,97,97
3355,5,5
3356,0,0
3357,20,20
3358,0,0
3359,56,56
3360,4,4
3361,0,0
3362,0,0
3363,0,0
3364,0,0
3365,0,0
3366,0,0
3367,17,17
3368,0,0
3369,19,19
3370,0,0
3371,0,0
3372,23,23
3373,5,5
3374,13,13
3375,0,0
3376,0,0
3377,0,0
3378,26,26
3379,10,10
3380,1,1
3381,4,4
3382,7,7
3383,43,43
3384,0,0
3385,0,0
3386,0,0
3387,0,0
3388,0,0
3389,0,0
3390,3,3
3391,0,0
3392,19,19
3393,0,0
3394,36,36
3395,0,0
3396,28,28
3397,0,0
3398,0,0
3399,0,0
3400,5,5
3401,0,0
3402,23,23
3403,18,18
3404,7,7
3405,3,3
3406,5,5
3407,4,4
3408,91,91
3409,4,4
3410,3,3
3411,0,0
3412,0,0
3413,3,3
3414,0,0
3415,23,23
3416,91,91
3417,10,10
3418,7,7
3419,28,28
3420,8,8
3421,5,5
3422,0,0
3423,0,0
3424,32,32
3425,0,0
3426,35,35
3427,5,5
3428,4,4
3429,10,10
3430,0,0
3431,3,3
3432,5,5
3433,0,0
3434,0,0
3435,9,9
3436,9,9
3437,13,13
3438,5,5
3439,40,40
3440,17,17
3441,9,9
3442,12,12
3443,5,5
3444,0,0
3445,3,3
3446,10,10
3447,8,8
3448,24,24
3449,0,0
3450,0,0
3451,1,1
3452,18,18
3453,2,2
3454,0,0
3455,0,0
3456,79,79
3457,48,48
3458,4,4
3459,5,5
3460,3,3
3461,18,18
3462,0,0
3463,0,0
3464,3,3
3465,0,0
3466,0,0
3467,0,0
3468,7,7
3469,0,0
3470,10,10
3471,2,2
3472,0,0
3473,10,10
3474,22,22
3475,4,4
3476,3,3
3477,0,0
3478,0,0
3479,7,7
3480,0,0
3481,0,0
3482,5,5
3483,2,2
3484,18,18
3485,7,7
3486,11,11
3487,0,0
3488,2,2
3489,0,0
3490,5,5
3491,5,5
3492,6,6
3493,7,7
3494,8,8
3495,12,12
3496,9,9
3497,11,11
3498,0,0
3499,0,0
3500,5,5
3501,13,13
3502,18,18
3503,7,7
3504,5,5
3505,0,0
3506,15,15
3507,5,5
3508,7,7
3509,18,18
3510,73,73
3511,3,3
3512,0,0
3513,8,8
3514,0,0
3515,3,3
3516,6,6
3517,5,5
3518,88,88
3519,0,0
3520,0,0
3521,28,28
3522,0,0
3523,11,11
3524,12,12
3525,8,8
3526,11,11
3527,15,15
3528,24,24
3529,10,10
3530,14,14
3531,0,0
3532,55,55
3533,0,0
3534,27,27
3535,0,0
3536,1,1
3537,1,1
3538,0,0
3539,0,0
3540,5,5
3541,0,0
3542,11,11
3543,0,0
3544,7,7
3545,11,11
3546,32,32
3547,3,3
3548,14,14
3549,20,20
3550,0,0
3551,0,0
3552,0,0
3553,5,5
3554,1,1
3555,20,20
3556,0,0
3557,10,10
3558,0,0
3559,0,0
3560,0,0
3561,16,16
3562,2,2
3563,8,8
3564,8,8
3565,0,0
3566,4,4
3567,48,48
3568,0,0
3569,0,0
3570,5,5
3571,4,4
3572,23,23
3573,5,5
3574,22,22
3575,8,8
3576,8,8
3577,8,8
3578,0,0
3579,5,5
3580,5,5
3581,6,6
3582,5,5
3583,6,6
3584,5,5
3585,3,3
3586,0,0
3587,5,5
3588,37,37
3589,5,5
3590,10,10
3591,7,7
3592,11,11
3593,0,0
3594,6,6
3595,5,5
3596,5,5
3597,18,18
3598,23,23
3599,0,0
3600,0,0
3601,0,0
3602,18,18
3603,13,13
3604,5,5
3605,0,0
3606,0,0
3607,0,0
3608,66,66
3609,0,0
3610,4,4
3611,32,32
3612,18,18
3613,24,24
3614,16,16
3615,5,5
3616,17,17
3617,4,4
3618,28,28
3619,7,7
3620,5,5
3621,112,112
3622,12,12
3623,12,12
3624,30,30
3625,24,24
3626,73,73
3627,0,0
3628,0,0
3629,5,5
3630,0,0
3631,18,18
3632,19,19
3633,0,0
3634,0,0
3635,0,0
3636,0,0
3637,0,0
3638,0,0
3639,57,57
3640,41,41
3641,0,0
3642,45,45
3643,42,42
3644,8,8
3645,37,37
3646,29,29
3647,51,51
3648,0,0
3649,0,0
3650,17,17
3651,13,13
3652,41,41
3653,0,0
3654,34,34
3655,0,0
3656,0,0
3657,66,66
3658,39,39
3659,11,11
3660,45,45
3661,32,32
3662,0,0
3663,0,0
3664,0,0
3665,41,41
3666,11,11
3667,0,0
3668,6,6
3669,0,0
3670,0,0
3671,6,6
3672,1,1
3673,8,8
3674,23,23
3675,32,32
3676,0,0
3677,0,0
3678,5,5
3679,0,0
3680,105,105
3681,5,5
3682,10,10
3683,37,37
3684,0,0
3685,0,0
3686,0,0
3687,20,20
3688,0,0
3689,108,108
3690,0,0
3691,21,21
3692,0,0
3693,0,0
3694,0,0
3695,13,13
3696,26,26
3697,0,0
3698,0,0
3699,0,0
3700,4,4
3701,0,0
3702,48,48
3703,0,0
3704,0,0
3705,25,25
3706,18,18
3707,30,30
3708,0,0
3709,0,0
3710,0,0
3711,0,0
3712,0,0
3713,1,1
3714,2,2
3715,15,15
3716,44,44
3717,22,22
3718,0,0
3719,0,0
3720,0,0
3721,0,0
3722,20,20
3723,0,0
3724,0,0
3725,10,10
3726,26,26
3727,0,0
3728,0,0
3729,27,27
3730,0,0
3731,0,0
3732,0,0
3733,69,69
3734,83,83
3735,19,19
3736,24,24
3737,17,17
3738,0,0
3739,23,23
3740,51,51
3741,91,91
3742,15,15
3743,2,2
3744,80,80
3745,38,38
3746,5,5
3747,57,57
3748,72,72
3749,42,42
3750,0,0
3751,72,72
3752,33,33
3753,0,0
3754,28,28
3755,4,4
3756,9,9
3757,70,70
3758,11,11
3759,2,2
3760,0,0
3761,0,0
3762,48,48
3763,0,0
3764,0,0
3765,9,9
3766,21,21
3767,3,3
3768,0,0
3769,87,87
3770,0,0
3771,6,6
3772,9,9
3773,32,32
3774,36,36
3775,0,0
3776,39,39
3777,79,79
3778,11,11
3779,15,15
3780,0,0
3781,16,16
3782,62,62
3783,0,0
3784,9,9
3785,0,0
3786,0,0
3787,32,32
3788,0,0
3789,2,2
3790,4,4
3791,0,0
3792,11,11
3793,7,7
3794,0,0
3795,0,0
3796,39,39
3797,4,4
3798,0,0
3799,0,0
3800,2,2
3801,20,20
3802,0,0
3803,0,0
3804,23,23
3805,0,0
3806,9,9
3807,0,0
3808,0,0
3809,1,1
3810,22,22
3811,0,0
3812,3,3
3813,0,0
3814,2,2
3815,2,2
3816,0,0
3817,59,59
3818,0,0
3819,0,0
3820,26,26
3821,0,0
3822,0,0
3823,51,51
3824,0,0
3825,0,0
3826,75,75
3827,26,26
3828,0,0
3829,0,0
3830,2,2
3831,38,38
3832,3,3
3833,0,0
3834,13,13
3835,0,0
3836,0,0
3837,28,28
3838,0,0
3839,13,13
3840,0,0
3841,0,0
3842,0,0
3843,23,23
3844,80,80
3845,0,0
3846,24,24
3847,0,0
3848,0,0
3849,0,0
3850,0,0
3851,15,15
3852,5,5
3853,31,31
3854,1,1
3855,12,12
3856,7,7
3857,0,0
3858,0,0
3859,7,7
3860,0,0
3861,0,0
3862,22,22
3863,6,6
3864,0,0
3865,0,0
3866,24,24
3867,15,15
3868,33,33
3869,0,0
3870,0,0
3871,0,0
3872,0,0
3873,0,0
3874,12,12
3875,9,9
3876,0,0
3877,0,0
3878,8,8
3879,47,47
3880,0,0
3881,0,0
3882,0,0
3883,6,6
3884,3,3
3885,10,10
3886,16,16
3887,0,0
3888,0,0
3889,72,72
3890,0,0
3891,0,0
3892,4,4
3893,24,24
3894,5,5
3895,3,3
3896,2,2
3897,36,36
3898,29,29
3899,48,48
3900,1,1
3901,10,10
3902,0,0
3903,35,35
3904,8,8
3905,17,17
3906,0,0
3907,17,17
3908,22,22
3909,39,39
3910,15,15
3911,23,23
3912,0,0
3913,83,83
3914,0,0
3915,0,0
3916,0,0
3917,32,32
3918,0,0
3919,2,2
3920,9,9
3921,0,0
3922,0,0
3923,0,0
3924,44,44
3925,0,0
3926,6,6
3927,0,0
3928,17,17
3929,0,0
3930,0,0
3931,42,42
3932,0,0
3933,3,3
3934,10,10
3935,0,0
3936,0,0
3937,0,0
3938,41,41
3939,65,65
3940,20,20
3941,16,16
3942,0,0
3943,0,0
3944,0,0
3945,13,13
3946,36,36
3947,7,7
3948,0,0
3949,23,23
3950,4,4
3951,13,13
3952,0,0
3953,0,0
3954,0,0
3955,0,0
3956,0,0
3957,0,0
3958,0,0
3959,7,7
3960,31,31
3961,26,26
3962,0,0
3963,0,0
3964,43,43
3965,29,29
3966,0,0
3967,6,6
3968,0,0
3969,29,29
3970,13,13
3971,0,0
3972,15,15
3973,0,0
3974,18,18
3975,0,0
3976,10,10
3977,0,0
3978,6,6
3979,0,0
3980,0,0
3981,2,2
3982,65,65
3983,29,29
3984,0,0
3985,0,0
3986,0,0
3987,16,16
3988,0,0
3989,16,16
3990,16,16
3991,0,0
3992,0,0
3993,17,17
3994,100,100
3995,0,0
3996,2,2
3997,2,2
3998,0,0
3999,0,0
