6.283405473497178662e+01
6.138208304511176294e+01
6.021816041734483349e+01
5.948717668321397412e+01
5.899240281846788037e+01
5.867522303263346117e+01
5.851669396294487768e+01
5.839557308620877052e+01
5.831043879191080492e+01
5.820538330078125000e+01
5.814316855536566919e+01
5.806832461886935448e+01
5.800194252861870581e+01
5.792982059054904198e+01
5.786301676432291430e+01
5.780678812662760180e+01
5.775664816962348169e+01
5.768560536702474195e+01
5.763192579481336963e+01
5.754422039455837989e+01
5.749235237969292456e+01
5.745597839355468750e+01
5.741677559746636206e+01
5.732238811916775489e+01
5.728025351630316919e+01
5.717963960435655224e+01
5.708339394463433081e+01
5.701231469048394018e+01
5.697006649441189552e+01
5.707113817003038037e+01
5.697324244181314867e+01
5.687936401367187500e+01
5.686469268798828125e+01
5.682405132717556739e+01
5.672763019137912011e+01
5.665260442097982008e+01
5.660799535115560133e+01
5.653938166300455492e+01
5.654230075412326073e+01
5.644832399156358349e+01
5.639826795789930713e+01
5.636781268649630761e+01
5.634998703002929688e+01
5.628471586439344776e+01
5.615828662448458886e+01
5.608963139851888258e+01
5.605625364515516651e+01
5.610475879245333886e+01
5.600477091471353930e+01
5.600375196668836963e+01
5.585316848754882812e+01
5.588001505533853930e+01
5.589543618096245581e+01
5.572883902655707544e+01
5.569517474704318261e+01
5.568646536933051294e+01
5.557956059773763258e+01
5.562249883015950758e+01
5.561730406019422901e+01
5.540036858452690893e+01
5.535294087727864820e+01
5.534616639879014599e+01
5.550343958536783617e+01
5.519926495022244239e+01
5.515945010715060448e+01
5.533113140530056739e+01
5.507120980156792456e+01
5.515899064805772412e+01
5.502930153740776831e+01
5.508037270439995581e+01
5.487967003716362768e+01
5.495176272922091698e+01
5.489841630723741162e+01
5.485696072048611427e+01
5.479795074462890625e+01
5.482965681287977588e+01
5.463964377509223169e+01
5.458590698242187500e+01
5.477041710747612768e+01
5.448773871527777857e+01
5.457868194580078125e+01
5.461307695176866162e+01
5.437704934014214331e+01
5.438786527845594776e+01
5.443745168050130445e+01
5.426482476128472143e+01
5.449768575032552320e+01
5.419181442260742188e+01
5.423085742526583886e+01
5.419831085205078125e+01
5.408209143744574732e+01
5.414076148139105982e+01
5.401576444837782276e+01
5.400612131754557055e+01
5.401657231648763258e+01
5.386683612399630761e+01
5.385243352254232008e+01
5.386668438381619239e+01
5.383086183336045849e+01
5.379017851087782276e+01
5.371520826551649463e+01
5.361129167344834912e+01
5.354531012641059107e+01
5.359032440185546875e+01
5.354452302720811474e+01
5.339999813503689552e+01
5.353841993543836963e+01
5.340465503268771386e+01
5.342082341512044508e+01
5.337757025824652857e+01
5.320790481567382812e+01
5.314121839735243213e+01
5.329531012641059107e+01
5.310145950317382812e+01
5.323635143703884864e+01
5.302900229560004419e+01
5.309984419080946338e+01
5.295962185329861427e+01
5.295155588785807055e+01
5.297693676418728614e+01
5.302428563435872633e+01
5.286652459038628393e+01
5.287506951226128393e+01
5.270418845282660669e+01
5.268730417887369555e+01
5.259612867567274463e+01
5.275370788574218750e+01
5.264089838663736742e+01
5.276303905910916114e+01
5.243119345770941919e+01
5.248414060804579151e+01
5.238266415066189552e+01
5.239485804239908617e+01
5.238163884480794508e+01
5.242626571655273438e+01
5.252614805433485401e+01
5.230574035644531250e+01
5.217606268988715357e+01
5.213192367553710938e+01
5.220224761962890625e+01
5.231050999959310133e+01
5.191459443834092724e+01
5.207281875610351562e+01
5.207728703816732008e+01
5.192804251776801294e+01
5.212875578138563526e+01
5.174800618489583570e+01
5.174953545464409643e+01
5.197260793050130445e+01
5.172629165649414062e+01
