1.215861468844943616e+01
1.174529414706760022e+01
1.149721209208170514e+01
1.139846716986762232e+01
1.133706728617350201e+01
1.128323957655164911e+01
1.123764536115858270e+01
1.118858093685573962e+01
1.114451154073079486e+01
1.109945032331678583e+01
1.105760298834906763e+01
1.102418772379557232e+01
1.099041250016954230e+01
1.094561703999837299e+01
1.090394677056206518e+01
1.087919235229492188e+01
1.084599569108751105e+01
1.080760129292806049e+01
1.076757420433892065e+01
1.073899099561903192e+01
1.070316484239366339e+01
1.067478656768798828e+01
1.064229000939263159e+01
1.061505805121527857e+01
1.061166826883951764e+01
1.055876339806450659e+01
1.052745458814832880e+01
1.051573795742458728e+01
1.047575336032443616e+01
1.043573877546522333e+01
1.043073293897840692e+01
1.039127688937717053e+01
1.035504330529106909e+01
1.034614796108669665e+01
1.032294654846191406e+01
1.035190624660915759e+01
1.023544640011257556e+01
1.020197614034016986e+01
1.024301815032958984e+01
1.020747237735324475e+01
1.020630338456895636e+01
1.014385414123535156e+01
1.015737152099609375e+01
1.008511522081163214e+01
1.012402947743733783e+01
1.004482852088080591e+01
1.000624497731526752e+01
1.005345069037543482e+01
9.966397179497612058e+00
1.005147340562608527e+01
9.934418678283691406e+00
9.969990836249458255e+00
9.881073315938314394e+00
9.984448432922363281e+00
9.879115422566732363e+00
9.879153675503200560e+00
9.784064398871528567e+00
9.819307433234321536e+00
9.781395912170410156e+00
9.822440995110405026e+00
9.715172449747720762e+00
9.661755455864799558e+00
9.676756540934244200e+00
9.728888829549154238e+00
9.691887855529785156e+00
9.674401177300346433e+00
9.632731543646919192e+00
9.643600993686252565e+00
9.554748323228624329e+00
9.625318421257865964e+00
9.553643120659721433e+00
9.572376887003580137e+00
9.528478304545084043e+00
9.549688657124837832e+00
9.458948453267415957e+00
9.485478189256456361e+00
9.455792215135362611e+00
9.477565553453233704e+00
9.418920411003959714e+00
9.430416848924425111e+00
9.350039058261447877e+00
9.377882533603244752e+00
9.363147311740451784e+00
9.390303505791557370e+00
9.284064928690591856e+00
9.278803825378417969e+00
9.308360523647731810e+00
9.227311982048881589e+00
9.291263050503200560e+00
9.248790105183919863e+00
9.142469512091743411e+00
9.189113828870985046e+00
9.268506897820365964e+00
9.120834244622123776e+00
9.154169718424478575e+00
9.126368204752603575e+00
9.127699110243055358e+00
9.096739239162868529e+00
9.025065210130479798e+00
9.057307773166233034e+00
9.127770953708225221e+00
8.958200666639539733e+00
8.950601577758789062e+00
9.021404372321235599e+00
8.995907889472114505e+00
8.997619734870063724e+00
8.988217035929361387e+00
8.955607944064670534e+00
8.926574230194091797e+00
8.947858810424804688e+00
8.881159570482042298e+00
8.901746961805555358e+00
8.856258604261610046e+00
8.905721558464897214e+00
8.833367135789659486e+00
8.894310421413845091e+00
8.808369795481363340e+00
8.779969692230224609e+00
8.816758791605630918e+00
8.761795361836751894e+00
8.735133065117729245e+00
8.741982036166721315e+00
8.711173481411403685e+00
8.714489089118110599e+00
8.710590998331705137e+00
8.671225441826713620e+00
8.708271344502767519e+00
8.696941799587673216e+00
8.672829098171657591e+00
8.645240465799966856e+00
8.598807652791341738e+00
8.569753117031520873e+00
8.610945701599121094e+00
8.609947098626030026e+00
8.549444940355089173e+00
8.519099129570854245e+00
8.542539702521430911e+00
8.594665633307563724e+00
8.509733517964681582e+00
8.491877661810981692e+00
8.494593938191732363e+00
8.436087290445962950e+00
8.458492808871799440e+00
8.529648780822753906e+00
8.424187342325845762e+00
8.382613923814561829e+00
8.374586105346679688e+00
8.461068842146131530e+00
8.444369422064887942e+00
8.379549503326416016e+00
