9.609926011827257142e+00
9.002315627204048099e+00
8.503968344794380130e+00
8.343806372748481692e+00
8.262058999803331361e+00
8.197864744398328796e+00
8.139556037055122317e+00
8.088019053141275450e+00
8.039980146620008483e+00
7.994536028967963226e+00
7.951811790466308594e+00
7.912502500745985046e+00
7.869876013861762054e+00
7.831095589531792633e+00
7.793227354685465791e+00
7.754427485995822877e+00
7.718875937991672487e+00
7.693842040167914398e+00
7.651853614383274049e+00
7.616002400716145537e+00
7.580041090647379853e+00
7.553052213456895814e+00
7.539231777191162109e+00
7.495101028018527956e+00
7.484933959113226898e+00
7.429769463009304076e+00
7.397024843427869811e+00
7.366006268395318024e+00
7.359048790401882201e+00
7.340532567765977845e+00
7.296380784776475892e+00
7.257001347011989623e+00
7.270375410715739228e+00
7.240026315053303740e+00
7.209007157219780915e+00
7.179358535342746706e+00
7.144647810194227233e+00
7.166224850548638337e+00
7.135191599527995088e+00
7.099937174055311218e+00
7.104684723748101227e+00
7.029345459408229857e+00
7.012548393673366576e+00
7.030302630530463226e+00
6.987283335791693695e+00
6.948359489440917969e+00
6.984589258829752900e+00
6.949035379621717468e+00
6.942220158047145873e+00
6.868606991238063841e+00
6.882501655154758424e+00
6.897551854451497100e+00
6.790401776631672881e+00
6.782243410746256806e+00
6.813518047332763672e+00
6.786420769161647826e+00
6.823957973056369752e+00
6.767329533894856475e+00
6.784532811906602845e+00
6.741879145304362275e+00
6.667864004770915010e+00
6.699119091033935547e+00
6.708353042602539062e+00
6.659455776214599609e+00
6.661201265123155579e+00
6.680582947201198607e+00
6.660322878095838561e+00
6.547075483534070983e+00
6.588090896606445312e+00
6.617951552073161103e+00
6.511784182654486663e+00
6.597896152072483034e+00
6.565390851762559876e+00
6.517264948950873382e+00
6.561974048614501953e+00
6.457130961947971315e+00
6.504420439402262666e+00
6.478104644351535768e+00
6.483878347608778014e+00
6.468162218729655244e+00
6.382288244035509095e+00
6.380557749006483093e+00
6.414801968468560212e+00
6.329824182722303405e+00
6.388894451989068024e+00
6.372589800092908874e+00
6.389361646440294251e+00
6.330862892998589508e+00
6.317413012186686494e+00
6.294971519046359987e+00
6.276916397942437165e+00
6.296462694803873994e+00
6.335531234741210938e+00
6.266851001315647096e+00
6.223150465223524108e+00
6.159663571251763337e+00
6.158019436730278962e+00
6.243264940049913392e+00
6.271877182854546540e+00
6.087049484252929688e+00
6.131418069203694365e+00
6.212658935123020143e+00
6.131457010904948213e+00
6.192365911271837220e+00
6.083377838134765625e+00
6.167194631364610657e+00
6.130680084228515625e+00
6.176452371809217468e+00
6.097727298736572266e+00
6.143132633633083373e+00
6.066353056165906921e+00
6.073582861158582702e+00
6.052058908674451843e+00
6.088924513922797210e+00
6.058780670166015625e+00
6.036663479275173216e+00
5.977575249142116576e+00
6.004660924275715850e+00
5.945840888553195924e+00
5.965903811984592409e+00
5.995656119452582367e+00
5.978285153706868194e+00
5.848492834303113952e+00
5.860688580407036774e+00
5.977195580800374053e+00
5.916238149007161162e+00
5.944156964619954131e+00
5.914280520545111663e+00
5.887724664476182923e+00
5.918090078565809264e+00
5.882247024112277956e+00
5.855648517608642578e+00
5.819430563184949889e+00
5.782738473680284486e+00
5.878148608737522096e+00
5.841619332631428740e+00
5.746426423390706084e+00
5.858639770083957643e+00
5.811045169830322266e+00
5.673096126980251341e+00
5.781703048282199831e+00
5.793664190504285827e+00
5.707816494835747712e+00
5.731433497534857757e+00
5.745156341128879518e+00
5.777165783776177399e+00
5.704653157128228180e+00
5.669072310129801728e+00
5.666194862789577513e+00
5.681836711035834320e+00
