4.958775573306613893e+00
4.338939030965168975e+00
4.134687397215101257e+00
4.048136976030138001e+00
3.984793027242024888e+00
3.932489501105414398e+00
3.887153996361626618e+00
3.842823823293050278e+00
3.813590526580810547e+00
3.771211041344536774e+00
3.732098579406738281e+00
3.700637340545654297e+00
3.667588525348239425e+00
3.631231122546725754e+00
3.602085828781127930e+00
3.570570574866400726e+00
3.565571626027425278e+00
3.547503126992119782e+00
3.503352748023139007e+00
3.463629457685682311e+00
3.457144578297933091e+00
3.443817668490939621e+00
3.417312966452704437e+00
3.397210836410522461e+00
3.363280693689981948e+00
3.350657436582777038e+00
3.353743659125433929e+00
3.306631300184461608e+00
3.282641384336683288e+00
3.282184123992919922e+00
3.253677447636922349e+00
3.253359503216213700e+00
3.230233271916707505e+00
3.223986519707573883e+00
3.208117564519246567e+00
3.202836010191175475e+00
3.138487868838840011e+00
3.118109650082058426e+00
3.144549846649169922e+00
3.097368266847398743e+00
3.137232012218899246e+00
3.126162714428371903e+00
3.018341064453125000e+00
3.038363589180840485e+00
3.091397815280490402e+00
3.062749491797553070e+00
3.073118554221259124e+00
3.002730925877889145e+00
3.011791467666625977e+00
3.006035619311862472e+00
3.002449830373128403e+00
2.946735646989610657e+00
2.915906190872192383e+00
2.954662322998046875e+00
2.960043430328369141e+00
2.865360842810736663e+00
2.936790333853827484e+00
2.919214910931057450e+00
2.865277290344238281e+00
2.921970499886406891e+00
2.847385247548421372e+00
2.891672028435601227e+00
2.829148345523410324e+00
2.849393977059258454e+00
2.821950329674614899e+00
2.735039472579956055e+00
2.766723314921061050e+00
2.841992086834377762e+00
2.769478215111626618e+00
2.793696562449137222e+00
2.737521886825561523e+00
2.756776597764757142e+00
2.708277490403917298e+00
2.756629519992404465e+00
2.770139614741007339e+00
2.741852204004923355e+00
2.699616670608520508e+00
2.652537133958604798e+00
2.596102078755696763e+00
2.561429606543646820e+00
2.612609651353624329e+00
2.713592025968763366e+00
2.696544488271077622e+00
2.625113222334119811e+00
2.625886175367567077e+00
2.570023563173082337e+00
2.646079328325059876e+00
2.596604559156629577e+00
2.558669434653388031e+00
2.575585047403971206e+00
2.586306068632337585e+00
2.507673872841729157e+00
2.472288635041978822e+00
2.493042416042751785e+00
2.525158829159206864e+00
2.533755593829684738e+00
2.535718255572848800e+00
2.527492443720499526e+00
2.549499326282077316e+00
2.469298495186699860e+00
2.473932080798678879e+00
2.520467201868692886e+00
2.399783743752373688e+00
2.394636816448635575e+00
2.393558899561563980e+00
2.459641880459255692e+00
2.380708588494194977e+00
2.481100665198431976e+00
2.414337926440768722e+00
2.383890920215182785e+00
2.449508084191216462e+00
2.402199665705362808e+00
2.330414798524644837e+00
2.308867878384060379e+00
2.365472369723849777e+00
2.415295468436347015e+00
2.400685151418050278e+00
2.373156838946872238e+00
2.325550900565253265e+00
2.306427134407891266e+00
2.274506701363457672e+00
2.256493197547064788e+00
2.234740548663669113e+00
2.319919321272108093e+00
2.325488328933715820e+00
2.323729091220431808e+00
2.301530069775051590e+00
2.288298262490166657e+00
2.246674511167737975e+00
2.292396068572998047e+00
2.280112875832451813e+00
2.258084350162082199e+00
2.284309175279405579e+00
2.216825935575696960e+00
2.199860360887315736e+00
2.230174965328640457e+00
2.264689419004652038e+00
2.243944062127007477e+00
2.199262168672349915e+00
2.199538204405042663e+00
2.193905671437581528e+00
2.203389167785644531e+00
2.200569126341077819e+00
2.138578176498413086e+00
2.090592993630303376e+00
2.065082046720716491e+00
2.133113013373480804e+00
2.227724075317382812e+00
2.199680328369140625e+00
2.171916140450371735e+00
