3.551682021882799134e+00
2.951483435100979325e+00
2.773157278696695816e+00
2.702990028593275085e+00
2.645646810531616211e+00
2.598787970013088700e+00
2.556769424014621261e+00
2.520662201775444977e+00
2.490102926890055191e+00
2.458592918184068665e+00
2.418537590238782897e+00
2.383311854468451507e+00
2.351534631517198548e+00
2.338109996583726868e+00
2.313933187060885910e+00
2.297888967725965514e+00
2.292267958323160659e+00
2.266353792614407059e+00
2.224877728356255524e+00
2.198408921559651841e+00
2.176689121458265319e+00
2.196258544921875000e+00
2.187172015508016099e+00
2.154025978512234207e+00
2.165493541293673996e+00
2.083825376298692689e+00
2.076812903086344253e+00
2.137052032682630553e+00
2.066876212755838882e+00
2.063092761569552902e+00
2.090019411510891434e+00
2.082322173648410324e+00
2.038402186499701507e+00
2.072278234693738952e+00
1.956641091240777008e+00
1.965398470560709709e+00
2.044530603620740905e+00
1.998746938175625321e+00
1.976193679703606598e+00
1.925012257364061119e+00
1.962002635002136230e+00
1.981389443079630608e+00
1.917472918828328377e+00
1.884955101543002609e+00
1.909299850463867188e+00
1.911832319365607269e+00
1.909691294034322029e+00
1.895546290609571694e+00
1.857379489474826340e+00
1.835886147287156822e+00
1.807605014906989105e+00
1.767813801765441895e+00
1.737082799275716072e+00
1.711609509256150963e+00
1.743378692203097824e+00
1.834464470545450920e+00
1.845976167254977707e+00
1.841133329603407143e+00
1.822748343149821038e+00
1.818018303977118499e+00
1.808539417054918053e+00
1.754227903154161217e+00
1.777253667513529534e+00
1.772794074482388016e+00
1.755256798532274010e+00
1.729082359208001130e+00
1.711949692832098968e+00
1.680208298895094154e+00
1.665054268307156082e+00
1.722794294357299805e+00
1.708867907524108887e+00
1.722605228424072266e+00
1.705590830908881195e+00
1.646798385514153473e+00
1.615030394660101898e+00
1.602711147732204910e+00
1.620592448446485756e+00
1.696202370855543373e+00
1.678263412581549652e+00
1.668952027956644768e+00
1.631254686249627106e+00
1.595825566185845368e+00
1.592785053782992843e+00
1.637442734506395103e+00
1.613197167714436775e+00
1.617342789967854744e+00
1.604313585493299721e+00
1.578577399253845215e+00
1.520220253202650307e+00
1.489911026424831864e+00
1.465376509560479157e+00
1.482063518630133636e+00
1.595234751701354980e+00
1.609583867920769684e+00
1.580685549312167648e+00
1.565649191538492913e+00
1.559900999069213867e+00
1.567331009440951828e+00
1.508866786956787109e+00
1.477969566980997795e+00
1.451812664667765373e+00
1.475021203358968025e+00
1.554960277345445396e+00
1.522949020067850823e+00
1.516294492615593903e+00
1.500724686516655915e+00
1.508461674054463630e+00
1.514125823974609375e+00
1.457978023423089020e+00
1.429142581091986663e+00
1.392922878265380859e+00
1.362127330568101646e+00
1.346915125846862793e+00
1.473499986860487221e+00
1.475069099002414230e+00
1.494180401166280037e+00
1.470728635787963867e+00
1.465529150433010575e+00
1.476932101779513840e+00
1.457523504892985100e+00
1.426144507196214439e+00
1.402696278360154869e+00
1.410034378369649177e+00
1.447541038195292229e+00
1.422775944073994880e+00
1.364608473247951981e+00
1.351500868797302246e+00
1.382173524962531097e+00
1.438420189751519196e+00
1.402209149466620453e+00
1.381459289126925949e+00
1.371983170509338379e+00
1.356035974290635826e+00
1.396260499954223633e+00
1.406202435493469238e+00
1.364965822961595299e+00
1.316682285732693192e+00
1.295653237236870758e+00
1.323441227277119880e+00
1.403843296898735993e+00
1.378618743684556724e+00
1.352843258115980385e+00
1.363267633650038002e+00
1.336775435341729157e+00
1.297689517339070564e+00
1.273878786298963783e+00
1.330304900805155510e+00
1.367262164751688713e+00
1.330277098549736969e+00
1.342276030116611008e+00
