1.183829989433288610e+01
1.156120367050170827e+01
1.139363856315612722e+01
1.125683336257934641e+01
1.114149618148803711e+01
1.103201708793640101e+01
1.094428811073303187e+01
1.085164251327514684e+01
1.076000452041625977e+01
1.068081827163696218e+01
1.060336947441101074e+01
1.052455420494079519e+01
1.045737347602844203e+01
1.038908600807189941e+01
1.033052759170532298e+01
1.027495679855346644e+01
1.021701135635376012e+01
1.016441540718078684e+01
1.009794797897338903e+01
1.003676562309265208e+01
9.985987567901611683e+00
9.936605739593506570e+00
9.894125223159790039e+00
9.848689842224121804e+00
