5.547343105740017677e+01
5.418402862548828125e+01
5.276844151814778883e+01
5.152432505289713305e+01
5.050657738579644018e+01
4.980240885416666430e+01
4.937807973225911695e+01
4.909387376573350537e+01
4.891903686523437500e+01
4.876740815904405224e+01
4.864611689249674242e+01
4.858455742730034643e+01
4.850076209174262232e+01
4.841583463880751026e+01
4.835336007012261206e+01
4.823041068183051294e+01
4.823883819580078125e+01
4.805880949232313526e+01
4.806136025322808081e+01
4.802352057562934107e+01
4.797857666015625000e+01
4.783915032280815893e+01
4.782539070977104956e+01
4.786695988972982008e+01
4.764480972290039062e+01
4.761020363701714331e+01
4.749748102823892992e+01
4.757504696316189552e+01
4.746740595499674242e+01
4.744925986395941919e+01
4.742860539754232008e+01
4.726972876654730982e+01
4.723417663574218750e+01
4.713820181952582544e+01
4.701989364624023438e+01
4.711816024780273438e+01
4.703778033786349511e+01
4.705751588609483349e+01
4.695713848537869239e+01
4.673343192206488794e+01
4.672940699259439867e+01
4.687079281277127052e+01
4.666601604885525489e+01
4.662716293334960938e+01
4.645811080932617188e+01
4.644546000162760180e+01
4.650926844278971117e+01
4.652968004014756787e+01
4.633559968736436474e+01
4.636557854546440893e+01
4.637983491685655224e+01
4.621281051635742188e+01
4.624651718139648438e+01
4.631783082750108349e+01
4.608406194051107008e+01
4.609222708808051294e+01
4.610897657606336963e+01
4.581843736436631787e+01
4.586994849310980982e+01
4.588014772203233349e+01
4.577712080213758838e+01
4.567960060967339331e+01
4.581512917412651831e+01
4.551504770914713305e+01
4.553332434760199732e+01
4.556123775906033302e+01
4.537528949313693261e+01
4.556981701321072364e+01
4.535409927368164062e+01
4.540205510457357008e+01
4.528269577026367188e+01
4.530053287082247948e+01
4.508879555596245581e+01
4.506314510769314552e+01
4.531349945068359375e+01
4.511191813151041430e+01
4.511578072441948706e+01
4.511734814114041114e+01
4.485496012369791430e+01
4.493952729966905224e+01
4.488861338297525805e+01
4.478822962443033617e+01
4.473908530341254419e+01
4.474259906344943261e+01
4.451955159505208570e+01
4.451173697577582544e+01
4.466604275173611427e+01
4.443768098619248974e+01
4.446233791775173927e+01
4.435235256618923927e+01
4.436584642198350537e+01
4.418571811252169823e+01
4.433228217230902857e+01
4.434207873874240136e+01
4.419954384697808081e+01
4.409842215643988794e+01
4.424832661946614820e+01
4.405554750230577099e+01
4.404881371392144018e+01
4.400601069132486742e+01
4.377935791015625000e+01
4.381131913926866162e+01
4.369232347276475537e+01
4.381500964694552636e+01
4.371901957194010180e+01
4.380582046508789062e+01
4.363341395060221117e+01
4.367250866360134864e+01
4.340791787041558081e+01
4.356587982177734375e+01
4.351201078626844776e+01
4.350031365288628393e+01
4.325673760308159643e+01
4.325693003336588305e+01
4.322031784057617188e+01
4.307126575046115136e+01
4.321010080973307055e+01
4.323407618204752367e+01
4.307816611395941919e+01
4.312335968017578125e+01
4.289722866482205177e+01
4.290237384372287011e+01
4.301426569620767992e+01
4.294114939371744555e+01
4.294591310289170849e+01
4.271576563517252367e+01
4.270619837443033617e+01
4.268638949924044823e+01
4.252103212144639599e+01
4.252831437852647412e+01
4.270444318983290088e+01
4.263723627726236742e+01
4.245912806193033617e+01
4.240066189236111427e+01
4.236984422471788037e+01
4.231672032674153883e+01
4.237155659993489820e+01
4.206539365980360401e+01
4.202270338270399463e+01
4.213656489054361742e+01
4.216667344835069287e+01
4.205709626939561474e+01
4.209464857313368213e+01
4.189483727349175268e+01
4.203057776557074732e+01
4.202696397569444287e+01
4.187038506401909643e+01
4.178931045532226562e+01
4.181151029798719776e+01
4.188744862874349195e+01
