2.836008813646104798e+00
2.490656349394056335e+00
2.393132554160223968e+00
2.339695983462863449e+00
2.292688740624321930e+00
2.250907235675387863e+00
2.214101764890882507e+00
2.178842518064710632e+00
2.142733335494995117e+00
2.120972633361816406e+00
2.094516436258951675e+00
2.072988536622789368e+00
2.040816307067871094e+00
2.017497301101684570e+00
1.997190806600782631e+00
1.968740754657321457e+00
1.959002733230590820e+00
1.950934078958299400e+00
1.915793339411417717e+00
1.899842368231879242e+00
1.897098859151204353e+00
1.865170505311753990e+00
1.865143325593736412e+00
1.855456444952223061e+00
1.819698625140719894e+00
1.798098060819837807e+00
1.784314963552686928e+00
1.799755533536275154e+00
1.810934411154852874e+00
1.777299364407857185e+00
1.753475427627563477e+00
1.718863606452941895e+00
1.709261814753214592e+00
1.739950206544664146e+00
1.686264475186665779e+00
1.691625846756829255e+00
1.713883439699808831e+00
1.668751782841152664e+00
1.685640202628241546e+00
1.675490856170654297e+00
1.629120826721191406e+00
1.590244571367899651e+00
1.566492120424906487e+00
1.577963603867424958e+00
1.646322475539313324e+00
1.623087644577026367e+00
1.600400553809271820e+00
1.628136793772379631e+00
1.591257360246446373e+00
1.552676584985521080e+00
1.538267612457275391e+00
1.553758528497483971e+00
1.571572926309373619e+00
1.532698353131612068e+00
1.498848742908901688e+00
1.477261357837253097e+00
1.456007785267300125e+00
1.509937657250298493e+00
1.543090661366780525e+00
1.502819167243109710e+00
1.499087015787760491e+00
1.494483139779832603e+00
1.495153917206658356e+00
1.468362437354193695e+00
1.423856496810913086e+00
1.413759721650017731e+00
1.454100661807590011e+00
1.467124740282694573e+00
1.428543461693657868e+00
1.413255519337124344e+00
1.414122581481933594e+00
1.420326736238267662e+00
1.395791835255093094e+00
1.381756464640299553e+00
1.388143817583719963e+00
1.397926410039265877e+00
1.367810686429341560e+00
1.337210774421691895e+00
1.315826257069905525e+00
1.291965021027459137e+00
1.287821319368150474e+00
1.386432859632704018e+00
1.391317791408962723e+00
1.371309902932908775e+00
1.364677548408508301e+00
1.363876700401306152e+00
1.348443720075819252e+00
1.329163352648417229e+00
1.327072223027547127e+00
1.327817400296529060e+00
1.305669638845655678e+00
1.284752474890814788e+00
1.263823204570346359e+00
1.235601279470655678e+00
1.236078381538391113e+00
1.346037334865993973e+00
1.302553574244181389e+00
1.302000840504964119e+00
1.291321290863884919e+00
1.281235973040262932e+00
1.272127297189500572e+00
1.254722111754947189e+00
1.265784462292989021e+00
1.270028769969940186e+00
1.259652574857075935e+00
1.230704651938544281e+00
1.217317514949374679e+00
1.219728151957194084e+00
1.258212685585021973e+00
1.248387058575948005e+00
1.231497817569308761e+00
1.221556676758660309e+00
1.234426326221889969e+00
1.214872512552473305e+00
1.214316752221849205e+00
1.196559680832756989e+00
1.200061175558302162e+00
1.217327343093024261e+00
1.195459286371866936e+00
1.160414841439988853e+00
1.139771223068237305e+00
1.121439072820875404e+00
1.186693072319030762e+00
1.225334829754299637e+00
1.189505007531907799e+00
1.197591900825500488e+00
1.192010243733723884e+00
1.165476123491923088e+00
1.170751644505394928e+00
1.172063827514648438e+00
1.145607517825232513e+00
1.147459122869703529e+00
1.183073004086812263e+00
1.158576024903191559e+00
1.142373349931504967e+00
1.131334318055047028e+00
1.143218437830607170e+00
1.160912275314331055e+00
1.155688027540842766e+00
1.117785202132330902e+00
1.082352505789862640e+00
1.089484413464864021e+00
1.147448566224839928e+00
1.141034947501288421e+00
1.129465878009796143e+00
1.127467870712280273e+00
1.094385080867343429e+00
1.088631815380520340e+00
1.131613095601399666e+00
1.105384581618838791e+00
