2.389847331576877121e+00
1.951590617497761970e+00
1.856381270620558022e+00
1.801337374581231110e+00
1.755505230691697838e+00
1.713147123654683357e+00
1.674140824211968415e+00
1.641259352366129631e+00
1.614901277754041908e+00
1.588103095690409416e+00
1.545529988076951744e+00
1.522887799474928139e+00
1.494264099333021401e+00
1.482144183582729813e+00
1.469576530986361984e+00
1.439249396324157715e+00
1.425694598091973297e+00
1.405739174948798187e+00
1.373312897152370926e+00
1.357865333557128906e+00
1.363900105158488030e+00
1.316906531651814705e+00
1.299890319506327385e+00
1.337946004337734696e+00
1.298955904112921722e+00
1.298204713397555832e+00
1.276510755221049065e+00
1.267361945576138016e+00
1.245230383343166825e+00
1.295472409990098717e+00
1.244178401099310882e+00
1.183300190501742843e+00
1.149848143259684319e+00
1.120998144149780273e+00
1.143129004372490876e+00
1.196849438879225014e+00
1.216978973812527176e+00
1.180297109815809486e+00
1.187560677528381348e+00
1.134754591517978195e+00
1.135735776689317467e+00
1.134163088268703934e+00
1.126761555671691895e+00
1.127871844503614662e+00
1.130241791407267327e+00
1.098975751135084389e+00
1.055040094587538002e+00
1.026664733886718750e+00
1.032230324215359207e+00
1.098188704914516922e+00
1.085570494333903069e+00
1.101593785815768722e+00
1.020681785212622650e+00
9.793455865648057479e-01
9.588515228695340120e-01
9.852227105034722099e-01
1.042029923862881180e+00
1.033341805140177483e+00
1.023607479201422699e+00
9.960638748274909249e-01
9.648494455549452287e-01
9.345339669121636161e-01
9.280415839619107210e-01
9.918799201647440222e-01
9.846450818909538993e-01
9.442900684144761581e-01
9.355730348163180388e-01
9.233255121443006974e-01
9.674736857414245605e-01
9.447317322095235559e-01
9.082986513773599890e-01
8.732154038217332381e-01
8.473272853427462614e-01
8.206139140658907927e-01
8.150646620326571501e-01
9.426168600718179968e-01
9.455751578013101843e-01
9.364879661136202849e-01
9.000035325686136511e-01
8.988226850827535364e-01
8.880764775806002653e-01
9.010367790857950476e-01
8.738622797860039482e-01
8.580986128913031807e-01
8.545871310763888395e-01
8.686615493562486190e-01
9.103219641579521904e-01
8.116939266522725793e-01
7.775419155756632117e-01
7.704999579323662529e-01
8.505807187822129745e-01
8.798244463072882882e-01
8.549814290470547640e-01
8.369289239247640344e-01
8.294186459647284737e-01
7.979772157139248812e-01
8.062625262472364884e-01
8.358094957139756698e-01
8.224012255668640137e-01
8.019996417893303642e-01
7.756416532728407365e-01
7.645962238311767578e-01
8.002929223908318290e-01
8.058163589901394808e-01
7.924274404843648645e-01
7.677878340085347864e-01
7.552169296476576310e-01
7.582687139511108398e-01
7.817679047584533691e-01
7.988309727774726143e-01
7.655043138398064384e-01
7.145113746325174597e-01
6.873524983723958703e-01
7.394433551364474333e-01
8.017720381418863562e-01
7.622032562891641883e-01
7.664781742625765837e-01
7.494081656138101843e-01
7.495562765333387834e-01
7.659070359336005440e-01
7.593273785379197616e-01
7.310447494188944129e-01
7.101091345151265832e-01
7.103456987275017509e-01
7.602593633863661271e-01
7.254659003681607210e-01
7.177398006121317175e-01
7.222618924246894112e-01
7.300839689042832870e-01
7.293102542559305457e-01
6.856206456820169715e-01
6.642532547314962121e-01
7.078783379660712471e-01
7.188644872771369210e-01
7.292914191881815222e-01
7.092011637157864534e-01
7.095897661315070382e-01
7.048279841740926477e-01
7.227681080500284461e-01
6.902828680144416085e-01
6.588660015000237236e-01
6.703802810774909249e-01
7.318030926916334611e-01
7.037831677330864677e-01
6.837447815471224821e-01
6.720195611317952844e-01
6.556226346227858048e-01
6.873568561342027206e-01
6.792302462789747697e-01
6.688103146023220980e-01
