3.864780002170138951e-01
2.321146378914515085e-01
2.231862760252422695e-01
2.195490698019663400e-01
2.174630231327480678e-01
2.160319801833894549e-01
2.150234861506356010e-01
2.143802626265419731e-01
2.138703399234347935e-01
2.135415731204880485e-01
2.132346431414286203e-01
2.130111919509040108e-01
2.127939164638519287e-01
2.127077629168828421e-01
2.125160362985399065e-01
2.124284158150354929e-01
2.123247186342875070e-01
2.121713856856028146e-01
2.121259371439615793e-01
2.120085126823849087e-01
2.119276788499620257e-01
2.118854655159844169e-01
2.117585407363044014e-01
2.118140955766042166e-01
2.116712066862318220e-01
2.116980602343877249e-01
2.115855250093671980e-01
2.116031050682067871e-01
2.114656749698850813e-01
2.115165756808387032e-01
2.113887932565477190e-01
2.114314784606297903e-01
2.112920756141344614e-01
2.113425913784238996e-01
2.112233108944363003e-01
2.112452718946668806e-01
2.111386209726333618e-01
2.111862434281243095e-01
2.110874288611941929e-01
2.111318343215518589e-01
2.110147542423672085e-01
2.110486163033379325e-01
2.109427369303173427e-01
2.110283258888456526e-01
2.109136316511366072e-01
2.109631349643071585e-01
2.108743091424306326e-01
2.108766188224156790e-01
2.108514938089582624e-01
2.108125272724363508e-01
2.108228637112511406e-01
2.107530352142122088e-01
2.107515268855624790e-01
2.107215623060862131e-01
2.106741733021206264e-01
2.106722444295883179e-01
2.106186830335193272e-01
2.106354004806942348e-01
2.105472849475013009e-01
2.105770077970292864e-01
2.104847298728095284e-01
2.105162044366200857e-01
2.104366289244757882e-01
2.104654610157012939e-01
2.104005234109030953e-01
2.104748603370454607e-01
2.104045119550493059e-01
2.104438940684000559e-01
2.103717823823293143e-01
2.104428460200627737e-01
2.103534009721544085e-01
2.104432417286766777e-01
2.103347430626551218e-01
2.104137970341576347e-01
2.103533910380469552e-01
2.104054970873726615e-01
2.103609177801344099e-01
2.103868640131420498e-01
2.103718320528666086e-01
2.103649725516637259e-01
2.103654576672447929e-01
2.103602654404110317e-01
2.103993751936488743e-01
2.103254381153318586e-01
2.103841205437978201e-01
2.103019389841291609e-01
2.103557272089852104e-01
2.102981607119242258e-01
2.103662590185801096e-01
2.102813969055811472e-01
2.103515929645962124e-01
2.103068315320544834e-01
2.103328787618213291e-01
2.102839955025249119e-01
2.103353589773178101e-01
2.102722227573394775e-01
2.103045499987072353e-01
2.102835989660686855e-01
2.103001955482694807e-01
2.102870080206129255e-01
2.102775689628389177e-01
2.102668931086858206e-01
2.102565210726526079e-01
2.102692027886708670e-01
2.102576047182083130e-01
2.102631065580579939e-01
2.102345459991031285e-01
2.102367811732822056e-01
2.102300938632753191e-01
2.102614674303266706e-01
2.102022137906816301e-01
2.102597124046749477e-01
2.102107389105690727e-01
2.102246549394395647e-01
2.102374401357438860e-01
2.102189511060714722e-01
2.102142315771844683e-01
2.101738055547078543e-01
2.102315061622195835e-01
2.102039456367492676e-01
2.101960745122697649e-01
2.101904054482778006e-01
2.101843174960878191e-01
2.101760639084709892e-01
2.102067735460069475e-01
2.101660685406790963e-01
2.101721796724531355e-01
2.101834846867455253e-01
2.101647257804870605e-01
2.101903822686937151e-01
2.101399153470993042e-01
2.101607471704483032e-01
2.101188765631781807e-01
2.101936158206727800e-01
2.100941555367575875e-01
2.101923492219713030e-01
2.100805209742652169e-01
2.101793620321485700e-01
2.100873755084143868e-01
2.101757874091466360e-01
2.100785573323567801e-01
2.101430909501181832e-01
2.100646446148554392e-01
2.101552387078603201e-01
2.100659112135569162e-01
2.101537386576334543e-01
2.100618928670883179e-01
2.101287676228417167e-01
2.100819845994313650e-01
2.101039224200778599e-01
