1.155426947275797467e+01
1.102438047197130011e+01
1.073981412251790424e+01
1.062892225053575324e+01
1.055869473351372534e+01
1.050462796952989386e+01
1.045861307779947857e+01
1.041192160712348169e+01
1.036954339345296283e+01
1.032821771833631708e+01
1.028692033555772589e+01
1.024958960215250592e+01
1.021976015302869989e+01
1.017592228783501440e+01
1.013946957058376697e+01
1.010559834374321753e+01
1.007337337070041272e+01
1.003679317898220447e+01
1.000670581393771741e+01
9.970651732550727786e+00
9.936852243211534486e+00
9.909877883063423099e+00
9.882457097371419863e+00
9.846419652303060488e+00
9.812948968675401673e+00
9.804661962721082702e+00
9.772110939025878906e+00
9.747318479749891296e+00
9.723287052578395873e+00
9.682573212517631589e+00
9.651794751485189394e+00
9.638203197055393190e+00
9.623280419243705808e+00
9.574103461371528567e+00
9.572309282090929017e+00
9.524341159396701784e+00
9.521328608194986387e+00
9.477658483717176452e+00
9.476973639594184817e+00
9.448314560784233151e+00
9.452889760335287050e+00
9.387129783630371094e+00
9.404912630716959043e+00
9.361555205451118411e+00
9.328116946750217409e+00
9.343233108520507812e+00
9.284941143459743529e+00
9.295715649922689394e+00
9.297000461154514284e+00
9.206220838758680358e+00
9.255614598592122988e+00
9.154845131768119870e+00
9.177891943189832702e+00
9.164106633928087220e+00
9.100347095065647096e+00
9.115171326531303464e+00
9.118863105773925781e+00
9.038682301839193300e+00
9.060887124803331361e+00
9.084046575758192077e+00
9.037802378336587950e+00
9.002609888712564512e+00
8.955165545145669981e+00
9.029509226481119200e+00
9.015449735853406921e+00
8.940190951029459043e+00
8.925126181708442630e+00
8.942871517605251341e+00
8.871898333231607481e+00
8.967735396491157474e+00
8.823226186964246764e+00
8.905938678317600221e+00
8.805201318528917298e+00
8.895412233140733704e+00
8.771451102362739505e+00
8.852450476752387942e+00
8.778426806131998106e+00
8.841164906819662050e+00
8.694082260131835938e+00
8.780925644768608151e+00
8.656271086798774661e+00
8.776747385660806700e+00
8.667168299357095762e+00
8.710908359951442748e+00
8.653592533535427123e+00
8.655857192145454349e+00
8.600978639390733704e+00
8.602082252502441406e+00
8.585596190558540286e+00
8.660993046230739623e+00
8.522915946112739505e+00
8.640061908298068971e+00
8.533889876471626224e+00
8.583751678466796875e+00
8.470310423109266296e+00
8.496794806586372317e+00
8.570446756150987611e+00
8.516692267523872317e+00
8.465667618645561276e+00
8.461397488911947207e+00
8.532711240980360046e+00
8.367590904235839844e+00
8.345158365037706361e+00
8.484778828091091185e+00
8.365220917595756589e+00
8.446269247266981139e+00
8.393594953748914733e+00
8.450541072421604127e+00
8.343237453036838502e+00
8.331275198194715514e+00
8.406891081068250671e+00
8.357305049896240234e+00
8.292047182718912168e+00
8.262589878506130248e+00
8.246523168351915345e+00
8.216355217827690183e+00
8.248430146111381589e+00
8.270433743794759707e+00
8.213969336615669192e+00
8.302162806193033262e+00
8.189650641547309817e+00
8.220953199598524108e+00
8.266829331715902285e+00
8.161449538336860599e+00
8.211214913262260495e+00
8.089461644490560488e+00
8.089361561669242917e+00
8.186292966206869082e+00
8.041014353434244200e+00
8.041520966423881589e+00
8.193252351548936829e+00
8.086638450622558594e+00
8.120970726013183594e+00
8.142246670193141966e+00
7.999822086758083373e+00
8.094950675964355469e+00
8.014366679721408815e+00
8.127748065524631471e+00
7.987618552313910492e+00
8.071691407097709714e+00
7.933906025356716185e+00
7.976332558525933258e+00
8.030471377902561159e+00
7.957114961412218079e+00
7.998293028937445648e+00
7.955081992679172487e+00
7.941149605645073883e+00
7.961864047580295534e+00
7.871296458774143190e+00
7.916803148057725892e+00
