1.185132331848144460e+01
1.157224898338317942e+01
1.140666761398315465e+01
1.127329697608947789e+01
1.115047907829284668e+01
1.104473376274108887e+01
1.094057540893554759e+01
1.085869588851928746e+01
1.076553039550781321e+01
1.069192147254943848e+01
1.061809177398681570e+01
1.053198056221008372e+01
1.047075753211975169e+01
1.041330480575561523e+01
1.034454898834228587e+01
1.026907391548156667e+01
1.020761466026306152e+01
1.016239485740661586e+01
1.010797219276428294e+01
1.004315438270568883e+01
9.997514867782593129e+00
9.947656154632568359e+00
9.897254276275635476e+00
9.856258821487426047e+00
9.806552529335021973e+00
9.768054771423340554e+00
9.721707868576050515e+00
9.677103900909424183e+00
9.639824151992797852e+00
9.599146795272826438e+00
9.553361272811889293e+00
9.510556125640869496e+00
9.474222850799559836e+00
9.437247371673583629e+00
9.393721032142639871e+00
9.360477328300476074e+00
9.318614554405211692e+00
9.283164215087889914e+00
9.239412403106689098e+00
9.222494244575500488e+00
9.178130912780762429e+00
9.150809812545777078e+00
9.123593664169311168e+00
9.100836610794067028e+00
9.057663202285766602e+00
9.025637793540955300e+00
8.995796561241149902e+00
8.964551568031311035e+00
8.943371438980102894e+00
8.908597779273986106e+00
8.880388379096984863e+00
8.854302716255187278e+00
8.817325949668884277e+00
8.798744344711304066e+00
8.769669628143310192e+00
8.739336228370666149e+00
8.715202212333679199e+00
8.689224791526793723e+00
8.651500463485717773e+00
8.641296005249023082e+00
8.605481195449829812e+00
8.590051412582397461e+00
8.558355140686035867e+00
8.536906599998474121e+00
8.517447233200073242e+00
8.489781737327575684e+00
8.464481186866759543e+00
8.452186107635498047e+00
8.420314621925353293e+00
8.397426557540892844e+00
