1.135959392123752210e+01
1.010968081156412701e+01
9.194894048902723327e+00
8.759785546196830808e+00
8.553834809197319089e+00
8.403974639044868411e+00
8.304874208238389954e+00
8.236441506279838620e+00
8.160087108612060547e+00
8.097825951046413451e+00
8.037896050347221433e+00
7.983548906114366517e+00
7.931071069505479798e+00
7.880129602220323548e+00
7.832288742065429688e+00
7.784811019897460938e+00
7.738560517628987334e+00
7.694227801428900726e+00
7.650759749942356081e+00
7.605459478166368470e+00
7.565435780419243805e+00
7.527565797170002959e+00
7.484649658203125000e+00
7.443501472473144531e+00
7.408174408806694977e+00
7.367720815870496764e+00
7.326341734992133148e+00
7.292848745981852510e+00
7.264376640319824219e+00
7.228975349002414674e+00
7.181019200219048493e+00
7.145218902164035768e+00
7.134060753716362946e+00
7.085383097330729463e+00
7.047393269009059935e+00
7.018545945485432647e+00
6.989433023664686218e+00
6.947854200998942353e+00
6.914680427975124388e+00
6.897356139289008148e+00
6.888510810004340179e+00
6.826328383551703460e+00
6.797097365061442353e+00
6.796532207065158815e+00
6.775767591264513001e+00
6.711963441636827454e+00
6.676072915395100615e+00
6.644071631961399049e+00
6.653296152750651338e+00
6.629796240064832702e+00
6.583801481458875671e+00
6.557094256083170869e+00
6.510584248436821930e+00
6.478794468773735993e+00
6.446173297034369476e+00
6.496700816684299440e+00
6.494328392876519196e+00
6.421285894181993470e+00
6.352371851603190400e+00
6.318558375040690400e+00
6.346522861056858034e+00
6.392262829674614899e+00
6.321606424119737611e+00
6.294990062713623047e+00
6.251087135738796263e+00
6.192471504211425781e+00
6.186157120598687165e+00
6.242230468326145143e+00
6.211479398939344421e+00
6.130048169030083649e+00
6.206552505493164062e+00
6.043882369995117188e+00
6.046015580495198272e+00
6.062151326073540680e+00
6.060607804192437165e+00
6.079556041293674440e+00
5.949473169114854798e+00
6.018326706356472044e+00
5.958179791768391631e+00
6.066564189063178070e+00
5.872998767428928346e+00
5.924485948350694642e+00
5.986287275950114228e+00
5.939436011844211549e+00
5.803464624616834655e+00
5.829885588751898773e+00
5.842562728457981081e+00
5.822929859161376953e+00
5.751878950330945983e+00
5.860340807172986999e+00
5.680299758911132812e+00
5.826149993472629518e+00
5.698462009429931641e+00
5.794783327314588561e+00
5.671591970655653014e+00
5.724907610151502624e+00
5.673836231231689453e+00
5.632802062564426393e+00
5.597307364145915010e+00
5.602388646867540345e+00
5.593329535590277679e+00
5.642776330312092803e+00
5.516216542985704407e+00
5.589133156670464508e+00
5.478470007578532197e+00
5.558216783735486999e+00
5.623598098754882812e+00
5.473609076605902679e+00
5.459891160329182647e+00
5.545688099331325560e+00
5.391756110721164674e+00
5.482771979437933929e+00
5.389441066318088502e+00
5.499114513397216797e+00
5.336196740468342803e+00
5.301503658294677734e+00
5.329643726348876953e+00
5.326331933339436553e+00
5.390056292215983369e+00
5.237072732713487611e+00
5.388127485911051728e+00
5.366894298129611940e+00
5.178557925754123659e+00
5.223425971137152679e+00
5.352462185753716462e+00
5.149202240837944977e+00
5.194528208838568695e+00
5.077929390801323883e+00
5.075653129153781862e+00
5.267190615336100556e+00
5.185598479376898773e+00
5.168446858723958037e+00
5.236380418141682647e+00
5.094672256045871706e+00
5.252456188201904297e+00
5.049998389350043304e+00
5.168488449520534544e+00
5.113607883453369141e+00
5.067398601108127565e+00
4.995065106285943024e+00
5.147669156392415069e+00
5.100022421942816742e+00
4.930391046735975280e+00
5.037081294589572877e+00
5.083875285254584320e+00
5.048378626505534150e+00
4.962758329179552064e+00
5.038107713063557647e+00
5.054918766021728516e+00
4.876904911465114623e+00
