4.120493041144476898e+00
3.754092693328857422e+00
3.600783348083496094e+00
3.534749401940239899e+00
3.483830478456285462e+00
3.434768040974935044e+00
3.391959773169623382e+00
3.352073404524061218e+00
3.312700298097398743e+00
3.275770690706041322e+00
3.255151298311021790e+00
3.218196974860297210e+00
3.179909971025255189e+00
3.148754649692111496e+00
3.122549613316853989e+00
3.085834079318576340e+00
3.060463560952080719e+00
3.047796461317274108e+00
3.033616224924723159e+00
3.019504759046766296e+00
2.993659681744045731e+00
2.968688408533731948e+00
2.946830590565999497e+00
2.909648709826999191e+00
2.894774436950683594e+00
2.894997888141208175e+00
2.873417854309082031e+00
2.851852602428860184e+00
2.838317897584703431e+00
2.804366668065389145e+00
2.755086501439412583e+00
2.735335773891872879e+00
2.761424462000528823e+00
2.758018202251858231e+00
2.750640100902981278e+00
2.728552765316433426e+00
2.714102347691853989e+00
2.672500371932983398e+00
2.677600675159030441e+00
2.674411641226874359e+00
2.624160104327731613e+00
2.643143574396769058e+00
2.631326781378851898e+00
2.642962720659044251e+00
2.599141518274942886e+00
2.591300619973076813e+00
2.595484415690104019e+00
2.547011587354871764e+00
2.531425396601358901e+00
2.510393937428792466e+00
2.545137061013115876e+00
2.530889299180772767e+00
2.501882923973931305e+00
2.448004007339477539e+00
2.441835350460476395e+00
2.491252872678968444e+00
2.484941138161553376e+00
2.473593499925401673e+00
2.441246377097235687e+00
2.407164865069919113e+00
2.367537524965074525e+00
2.357086181640625000e+00
2.424733108944363114e+00
2.402627335654364593e+00
2.372879028320312500e+00
2.385726928710937500e+00
2.341757085588243470e+00
2.347146405114068024e+00
2.353672027587890625e+00
2.332978619469536774e+00
2.307328648037380692e+00
2.294015169143676758e+00
2.305353297127617829e+00
2.326219240824381362e+00
2.289985418319702148e+00
2.232922739452785965e+00
2.204727808634439956e+00
2.227534982893201843e+00
2.297418276468912612e+00
2.302957773208618164e+00
2.265625158945719253e+00
2.250814517339070786e+00
2.231059922112359040e+00
2.220282369189792160e+00
2.220205810334947572e+00
2.202028459972805496e+00
2.182191477881537445e+00
2.178945064544677734e+00
2.191339492797851562e+00
2.212277173995971680e+00
2.202861626942952622e+00
2.155156678623623367e+00
2.113405863444010269e+00
2.080967346827188980e+00
2.068719479772779479e+00
2.136881854799058900e+00
2.167705112033420090e+00
2.149379889170328628e+00
2.133950657314724442e+00
2.088835769229465011e+00
2.087977886199951172e+00
2.105438046985202316e+00
2.125625027550591462e+00
2.095932006835937500e+00
2.064493258794148911e+00
2.033205058839586243e+00
1.998909950256347656e+00
1.974518458048502678e+00
1.967444366878933426e+00
2.093944019741482254e+00
2.085680802663167466e+00
2.064078993267483231e+00
2.062548319498697769e+00
2.040575106938680161e+00
2.052031728956434264e+00
2.012956937154134263e+00
1.995737870534260994e+00
1.989001962873670815e+00
2.012849569320678711e+00
2.016524102952745423e+00
1.985833578639560226e+00
1.960620032416449554e+00
1.935528847906324623e+00
1.937421931160820954e+00
2.005685554610358245e+00
2.004552231894598968e+00
1.986707581414116852e+00
1.972574631373087639e+00
1.975315941704644196e+00
1.945924732420179604e+00
1.970797671212090485e+00
1.955337444941202873e+00
1.909145938025580413e+00
1.876539958847893708e+00
1.860582020547654869e+00
1.927194582091437347e+00
1.968289295832316155e+00
1.930595980750189788e+00
1.928060981962415932e+00
1.936475872993469238e+00
1.910650915569729325e+00
1.909745401806301590e+00
1.898804505666096931e+00
1.909927275445726158e+00
1.898197385999891518e+00
1.875743587811787849e+00
1.860237704383002288e+00
1.880381915304395912e+00
1.903237938880920410e+00
1.893104155858357673e+00
