8.864158418443468079e+00
8.218963517083061276e+00
7.914842817518445983e+00
7.811993175082736940e+00
7.745114538404676452e+00
7.690069145626491576e+00
7.639725791083441742e+00
7.593656645880805023e+00
7.550259590148925781e+00
7.508061091105143525e+00
7.467764218648274444e+00
7.427600860595703125e+00
7.391266504923502900e+00
7.355696307288275726e+00
7.318001747131347656e+00
7.283170276217990846e+00
7.253554079267713561e+00
7.217828591664631865e+00
7.184902297125922210e+00
7.153395652770996094e+00
7.123363071017795534e+00
7.098900530073377624e+00
7.064900663163927064e+00
7.033483399285210602e+00
6.998783641391330690e+00
6.978909969329833984e+00
6.959940221574571595e+00
6.928811179267035492e+00
6.899033864339192412e+00
6.868402375115288727e+00
6.835317399766710267e+00
6.814075999789768190e+00
6.825441572401258483e+00
6.784684922960069642e+00
6.770302030775281921e+00
6.715724945068359375e+00
6.722989453209771149e+00
6.686794016096326843e+00
6.653101815117730133e+00
6.652316040462917357e+00
6.616924126942952178e+00
6.650240474277072877e+00
6.581999672783745758e+00
6.593116442362467744e+00
6.558203379313151338e+00
6.531037754482692748e+00
6.503755304548475280e+00
6.509900040096706419e+00
6.467846022711859710e+00
6.475887828403049440e+00
6.404923968844943971e+00
6.446227656470404632e+00
6.401360988616943359e+00
6.461381276448567412e+00
6.317459954155816071e+00
6.352754963768853180e+00
6.363262229495578737e+00
6.278629620869954131e+00
6.344788339402940736e+00
6.219327131907145478e+00
6.369659052954779632e+00
6.187710285186767578e+00
6.301944520738389954e+00
6.157175170050726898e+00
6.218109607696533203e+00
6.259363386366102233e+00
6.207167678409152956e+00
6.186381340026855469e+00
6.182491302490234375e+00
6.202395651075574889e+00
6.051813019646538727e+00
6.026478873358832367e+00
6.164235009087456696e+00
5.997291194068060882e+00
6.074202378590901397e+00
6.028399838341607087e+00
6.153869946797688506e+00
5.943247053358289733e+00
6.048275788625081084e+00
5.988467534383137725e+00
6.072845988803440065e+00
6.005390167236328125e+00
5.977818012237548828e+00
6.031011263529459931e+00
5.876279354095458984e+00
6.009844144185383819e+00
5.919748518202039733e+00
5.938815010918511383e+00
5.914388868543836608e+00
5.944667074415418639e+00
5.813572565714518525e+00
5.920579433441162109e+00
5.858210298750135436e+00
5.900111569298638337e+00
5.805414411756727233e+00
5.861861017015245423e+00
5.793122662438286774e+00
5.859670903947618470e+00
5.798650158776177399e+00
5.833863682217067748e+00
5.744694179958766966e+00
5.770715713500976562e+00
5.777302000257703796e+00
5.773288673824733763e+00
5.697268962860107422e+00
5.722894138760036498e+00
5.615273899502223998e+00
5.698404947916666963e+00
5.680300765567356081e+00
5.714354727003309264e+00
5.653113736046685212e+00
5.670059627956813841e+00
5.596921549903021820e+00
5.679708374871148102e+00
5.588309870825873382e+00
5.627717177073161103e+00
5.526081244150797822e+00
5.643478552500407197e+00
5.543409506479899385e+00
5.644735442267523773e+00
5.541502369774712555e+00
5.612971782684326172e+00
5.529366546207004518e+00
5.562646812862819701e+00
5.498096625010172822e+00
5.540201399061414733e+00
5.408394919501410492e+00
5.476050535837809541e+00
5.562918821970622041e+00
5.494358274671766296e+00
5.486679553985595703e+00
5.367431534661187165e+00
5.464458783467610381e+00
5.528688695695665345e+00
5.428657319810655579e+00
5.457706186506483093e+00
5.360330581665039062e+00
5.411854267120361328e+00
5.397621234258015654e+00
5.453661812676323883e+00
5.358870983123779297e+00
5.389432960086399049e+00
5.340729713439941406e+00
5.359676149156358704e+00
5.403220335642497041e+00
5.356115394168430299e+00
5.354698922899034486e+00
5.283548990885416963e+00
5.233977423773871429e+00
5.287113825480143525e+00
