2.533475430806477746e+01
2.432751358879936987e+01
2.263267877366807568e+01
2.108314874437120068e+01
1.998525428771972656e+01
1.940187496609157947e+01
1.909540557861328125e+01
1.888687896728515625e+01
1.874688720703125000e+01
1.859956508212619397e+01
1.850451448228623974e+01
1.837714534335666272e+01
1.823545604281955335e+01
1.821546893649631116e+01
1.807962926228841027e+01
1.801896667480468750e+01
1.790837309095594776e+01
1.779630788167317590e+01
1.776821221245659643e+01
1.770889388190375513e+01
1.771468671162923059e+01
1.752948061625162879e+01
1.755759620666503906e+01
1.739797295464409643e+01
1.744353357950846473e+01
1.733669492933485401e+01
1.731457667880588147e+01
1.711785083346896741e+01
1.708643510606553662e+01
1.721663051181369397e+01
1.709660784403483191e+01
1.699096425374348840e+01
1.685521570841471473e+01
1.693669827779133996e+01
1.693034108479817590e+01
1.682106463114420691e+01
1.673218854268391809e+01
1.662180794609917456e+01
1.653036499023437500e+01
1.653537813822428504e+01
1.648169877794053662e+01
1.640664015875922388e+01
1.641389581892225635e+01
1.636824480692545691e+01
1.625478490193684777e+01
1.616471883985731495e+01
1.606514655219184107e+01
1.597837278578016473e+01
1.591052616967095190e+01
1.591747792561849018e+01
1.601863882276747120e+01
1.598655096689859967e+01
1.590086438920762824e+01
1.589204078250461194e+01
1.575711250305175781e+01
1.571657647026909643e+01
1.570180140601264185e+01
1.563418017493354029e+01
1.561981593237982935e+01
1.559433290693494989e+01
1.552001921335856061e+01
1.541815831926133917e+01
1.531148084004720111e+01
1.521570491790771484e+01
1.512318113115098761e+01
1.506631067064073370e+01
1.512903192308213995e+01
1.536529731750488281e+01
1.527185206943088147e+01
1.515373219384087378e+01
1.493757650587293817e+01
1.495140605502658460e+01
1.489901457892523950e+01
1.484811009301079565e+01
1.485073237948947522e+01
1.489543141259087378e+01
1.485202376047770123e+01
1.478643332587348169e+01
1.466859351264105982e+01
1.460054789649115747e+01
1.467197269863552478e+01
1.470753086937798315e+01
1.463875643412272076e+01
1.445279873741997534e+01
1.438326856825086786e+01
1.436733383602566150e+01
1.433006021711561395e+01
1.431068685319688605e+01
1.444910621643066406e+01
1.438173601362440301e+01
1.426458687252468494e+01
1.429757775200737768e+01
1.414909383985731317e+01
1.400756433275010870e+01
1.391055435604519275e+01
1.401518991258409308e+01
1.394002479977077869e+01
1.417397054036458393e+01
1.416379600101047131e+01
1.390562375386556049e+01
1.400825987921820825e+01
1.399514738718668561e+01
1.383884419335259253e+01
1.389547401004367444e+01
1.384959252675374408e+01
1.360907162560356909e+01
1.348697704739040759e+01
1.347507985432942768e+01
1.360459878709581183e+01
1.359932263692220111e+01
1.380691655476888080e+01
1.369840929243299676e+01
1.343678442637125592e+01
1.346742142571343237e+01
1.345152197943793482e+01
1.332476785447862433e+01
1.332907390594482422e+01
1.342821873558892065e+01
1.328215461307101819e+01
1.333153163062201685e+01
1.337076250712076764e+01
1.310014565785725971e+01
1.304552110036214252e+01
1.303310659196641730e+01
1.318365679846869654e+01
1.312728352016872790e+01
1.318800693088107678e+01
1.304439226786295514e+01
1.294352075788709833e+01
1.324722777472602075e+01
1.317841010623508069e+01
1.298953840467664911e+01
1.306558026207817846e+01
1.279482671949598505e+01
1.294464492797851562e+01
1.298840459187825580e+01
1.249047311147054096e+01
1.243916681077745245e+01
1.271860249837239643e+01
1.282895204755994989e+01
1.286702473958333393e+01
1.278913593292236328e+01
1.260069402058919330e+01
1.297483719719780737e+01
1.267208459642198370e+01
1.261154397328694721e+01
1.233812109629313092e+01
1.261100175645616339e+01
1.263631799485948370e+01
1.249881521860758404e+01
