4.927782588534885377e+00
4.252920627593994141e+00
4.029778745439317689e+00
3.943350685967339508e+00
3.876876407199435715e+00
3.821262439092000474e+00
3.771074665917290680e+00
3.723909484015570648e+00
3.682050148646036636e+00
3.641314374075995453e+00
3.605153507656521317e+00
3.578657627105712891e+00
3.538657426834106445e+00
3.504567093319363114e+00
3.488764127095540513e+00
3.444261497921413895e+00
3.410767131381564621e+00
3.386124504937066071e+00
3.379151291317409989e+00
3.340783754984537612e+00
3.304744376076592438e+00
3.290271202723185073e+00
3.293268760045369614e+00
3.243096245659722321e+00
3.213264041476779465e+00
3.191418965657552231e+00
3.210001336203680999e+00
3.182042386796739564e+00
3.176128599378797546e+00
3.106148984697130189e+00
3.079996559354993835e+00
3.090066088570488922e+00
3.093791060977511886e+00
3.022679249445597183e+00
3.045217275619506836e+00
3.077805148230658538e+00
2.992334736718071930e+00
3.061025910907321457e+00
2.972035116619534012e+00
3.028641541798909653e+00
2.939797215991549972e+00
2.995201879077487472e+00
2.904938803778754242e+00
2.945350805918375503e+00
2.917088190714518081e+00
2.911251227060953628e+00
2.913963529798719421e+00
2.846690283881293304e+00
2.848724126815795898e+00
2.870053980085584655e+00
2.777131954828897964e+00
2.752242856555514816e+00
2.803898652394612778e+00
2.770332124498155579e+00
2.803374078538682923e+00
2.726539770762125503e+00
2.792068825827704437e+00
2.761793904834323410e+00
2.699203703138563171e+00
2.646301296022203431e+00
2.618729697333441742e+00
2.591430717044406418e+00
2.701217492421468247e+00
2.612370729446411133e+00
2.725806925031873718e+00
2.621243953704833984e+00
2.650424003601074219e+00
2.608378834194607254e+00
2.615866210725572572e+00
2.654067516326904297e+00
2.608548508750067718e+00
2.566905101140340317e+00
2.520025995042589173e+00
2.630191564559936523e+00
2.547829654481676087e+00
2.583910279803805832e+00
2.537287473678588867e+00
2.591454320483737472e+00
2.494376394483778014e+00
2.538419114218817718e+00
2.516830311881171234e+00
2.427050140168931947e+00
2.407585250006781585e+00
2.442318360010782730e+00
2.479465034272935853e+00
2.492215050591362946e+00
2.461060126622518052e+00
2.457551028993394837e+00
2.388458993699815736e+00
2.399008989334106445e+00
2.406191031138102066e+00
2.457623561223348130e+00
2.387716584735446457e+00
2.364745299021402847e+00
2.414455837673611160e+00
2.392707029978434097e+00
2.364176511764526367e+00
2.309691164228651061e+00
2.271751430299547181e+00
2.250748051537407868e+00
2.281183772616916183e+00
2.380578173531426422e+00
2.359358893500433929e+00
2.324233664406670563e+00
2.351163678699069504e+00
2.287479745017157562e+00
2.297587182786729798e+00
2.323140356275770202e+00
2.294755776723226059e+00
2.259624348746405609e+00
2.234862075911627777e+00
2.196189032660590179e+00
2.158298532168070327e+00
2.172080092959933761e+00
2.295654217402140151e+00
2.259559697575039383e+00
2.170430766211615570e+00
2.231525672806633942e+00
2.201267295413547043e+00
2.228183348973592270e+00
2.200493971506754409e+00
2.157666842142740737e+00
2.139403237236870758e+00
2.185609155231051925e+00
2.198155032263861663e+00
2.173472245534261216e+00
2.151331424713134766e+00
2.165847195519341462e+00
2.162555297215779770e+00
2.163311110602484710e+00
2.143657180998060241e+00
2.112903104888068206e+00
2.089604430728488449e+00
2.072475327385796540e+00
2.094820870293511383e+00
2.151738272772894867e+00
2.097506125768025864e+00
2.123455180062188141e+00
2.126731766594780915e+00
2.055927620993720062e+00
2.024084846178690444e+00
1.987509025467766755e+00
1.953272342681884766e+00
1.933257102966308594e+00
2.061718251970079407e+00
2.108624988132052902e+00
2.073555416531033035e+00
2.039816962348090179e+00
2.059407936202155120e+00
2.062580188115437974e+00
