5.732610119713677399e+00
5.599845462375217409e+00
5.531131850348578460e+00
5.485944906870524385e+00
5.446208159128825166e+00
5.409407456715901397e+00
5.372643894619411498e+00
5.342655711703830690e+00
5.308933046129014954e+00
5.273426691691081025e+00
5.240779081980387666e+00
5.227984746297200225e+00
5.195825205908881195e+00
5.164219326443141966e+00
5.151573605007595091e+00
5.121096346113416686e+00
5.087078412373860381e+00
5.062854501936170593e+00
5.056865480211046204e+00
5.029974566565619476e+00
5.007952213287353516e+00
4.997654173109266296e+00
4.980279180738660827e+00
4.961701922946506471e+00
4.949966801537407868e+00
4.910371727413600951e+00
4.894985040028889678e+00
4.885057926177978516e+00
4.865876038869221709e+00
4.854739083184136383e+00
4.848141087426079743e+00
4.818671332465277679e+00
4.801192707485622435e+00
4.812177022298176787e+00
4.792927530076768861e+00
4.757822990417480469e+00
4.728638543023003571e+00
4.707290649414062500e+00
4.752632459004719756e+00
4.741259945763482087e+00
4.698486434088812835e+00
4.688333140479193695e+00
4.669227282206217744e+00
4.675163586934407256e+00
4.629673216078016296e+00
4.611918979220920534e+00
4.610164589352077513e+00
4.658192369672986999e+00
4.622465716467963226e+00
4.615189393361409209e+00
4.607753329806858034e+00
4.585571871863471038e+00
4.592670546637640960e+00
4.565810812844170563e+00
4.525420559777153962e+00
4.505041466818915374e+00
4.501683659023708373e+00
4.540784411960178346e+00
4.523341390821668639e+00
4.502661943435668945e+00
4.481719493865966797e+00
4.485390981038411162e+00
4.482276227739122376e+00
4.468061235215929017e+00
4.435957855648464232e+00
4.411273002624511719e+00
4.399404472774929076e+00
4.440867318047417633e+00
4.454543219672308929e+00
4.436837090386284821e+00
4.403325027889675169e+00
4.394914574093288451e+00
4.372021622127956419e+00
4.345024691687689788e+00
4.329184108310276002e+00
4.338162528143988617e+00
4.370580249362522096e+00
4.357876777648925781e+00
4.316612243652343750e+00
4.294960021972656250e+00
4.284344514211018584e+00
4.287971072726779909e+00
4.308622439702351592e+00
4.300471199883355133e+00
4.288386344909667969e+00
4.259067058563232422e+00
4.230010774400499329e+00
4.211532433827717803e+00
4.193222999572753906e+00
4.193235927157932252e+00
4.287159442901611328e+00
4.250794490178425811e+00
4.234162860446506471e+00
4.215800444285075166e+00
4.211151917775471709e+00
4.213245047463311188e+00
4.186082151201036439e+00
4.159646405114068024e+00
4.143876446617974274e+00
4.136169645521375671e+00
4.182094626956516237e+00
4.197598881191677123e+00
4.141585244072808258e+00
4.118713802761501341e+00
4.122502221001519196e+00
4.134840011596679688e+00
4.129151238335503571e+00
4.097499608993530273e+00
4.073792881435817748e+00
4.057192378573947877e+00
4.059022744496663115e+00
4.118221388922797210e+00
4.108878294626872041e+00
4.077499124738904968e+00
4.054787662294176087e+00
4.054392443762885101e+00
4.068864557478162780e+00
4.059875726699829102e+00
4.039257526397705078e+00
4.007977618111504547e+00
3.992461204528808594e+00
3.992266919877794251e+00
4.041766325632731416e+00
4.004804982079400055e+00
4.005147854487101533e+00
3.986802392535739425e+00
3.966152720981173996e+00
3.950948768191867355e+00
3.942385832468668472e+00
3.953547424740261551e+00
3.984887176089816574e+00
3.975089152654012192e+00
3.930408477783203125e+00
3.901749319500393387e+00
3.884018394682142272e+00
3.899939219156900894e+00
3.963664346271090988e+00
3.933322906494140625e+00
3.926700141694810853e+00
3.907360050413343444e+00
3.897638320922851562e+00
3.886031389236450195e+00
3.868173705206976898e+00
3.869866742028130524e+00
3.896475950876871597e+00
3.901058144039577957e+00
3.855869717068142410e+00
3.821529865264892578e+00
3.804966582192315094e+00
3.827607843610975280e+00
