7.755688826243082978e+00
7.489364888932970032e+00
7.293041918012830749e+00
7.218357510036891966e+00
7.166175895267063112e+00
7.120578553941514954e+00
7.080255773332384095e+00
7.041392803192138672e+00
7.002599239349365234e+00
6.965280426873101227e+00
6.930348343319362669e+00
6.898440996805827119e+00
6.869977050357395143e+00
6.834160115983751282e+00
6.807176907857258819e+00
6.786003801557752624e+00
6.752883169386121764e+00
6.728775660196940400e+00
6.699719270070393584e+00
6.664455042945014007e+00
6.639740573035346038e+00
6.622750282287597656e+00
6.585420767466227510e+00
6.582534207238091462e+00
6.583649794260661103e+00
6.550635814666748047e+00
6.501650280422634154e+00
6.476968288421630859e+00
6.475124835968017578e+00
6.432300885518391631e+00
6.440497292412652008e+00
6.395974265204535492e+00
6.401694986555311218e+00
6.367325358920627565e+00
6.362667242685954072e+00
6.311923821767170928e+00
6.310330602857801452e+00
6.279698053995768525e+00
6.275181929270426728e+00
6.241392135620117188e+00
6.260455555386013060e+00
6.193572150336371429e+00
6.217836591932508483e+00
6.153062237633599274e+00
6.150375419192844362e+00
6.184798823462592132e+00
6.114590432908800111e+00
6.148139582739935882e+00
6.065844853719075225e+00
6.045440779791937835e+00
6.102061006757947936e+00
6.049126942952473662e+00
6.106711069742838838e+00
6.053988085852728851e+00
5.996674696604411103e+00
5.990298536088731751e+00
5.956058661142985322e+00
5.945594522688123718e+00
5.981691201527913115e+00
5.905962255265977845e+00
5.918733755747477510e+00
5.897319210900200837e+00
5.957977559831407532e+00
5.869523949093288451e+00
5.871153301662868529e+00
5.860081566704644196e+00
5.816877894931369752e+00
5.807809458838568695e+00
5.833007865481906862e+00
5.822224881913927064e+00
5.810640176137288115e+00
5.769276724921332367e+00
5.735177675882975556e+00
5.721518357594807647e+00
5.745334837171766296e+00
5.781897491878932982e+00
5.714093155331081419e+00
5.692215866512722044e+00
5.738745848337809541e+00
5.675998263888889284e+00
5.703406863742404909e+00
5.690396944681803681e+00
5.638597382439507477e+00
5.640350023905436494e+00
5.639318360222710602e+00
5.631618022918701172e+00
5.584223111470540069e+00
5.552211708492702513e+00
5.528077655368381471e+00
5.538856400383843415e+00
5.594608253902858763e+00
5.575632943047417633e+00
5.553801271650526061e+00
5.523108482360839844e+00
5.476885212792290680e+00
5.528067694769965179e+00
5.527812904781765013e+00
5.464390171898735993e+00
5.448755529191759095e+00
5.481312010023328796e+00
5.429514461093479127e+00
5.424994892544216185e+00
5.443296538458930023e+00
5.453809791141086549e+00
5.376806735992431641e+00
5.380890528361002900e+00
5.381977717081706025e+00
5.383520550198024779e+00
5.398271083831787109e+00
5.370644198523627288e+00
5.347304079267713561e+00
5.348259660932752624e+00
5.349725988176134095e+00
5.322222603691948883e+00
5.273889435662163727e+00
5.297142505645751953e+00
5.288756317562526732e+00
5.306060738033718138e+00
5.301269054412841797e+00
5.251316123538547487e+00
5.212415271335178346e+00
5.209416601392957702e+00
5.278906080457899108e+00
5.258727603488498659e+00
5.257427003648546204e+00
5.215540462070041627e+00
5.213106897142198548e+00
5.215262201097276673e+00
5.173530366685655579e+00
5.147076818678113952e+00
5.127119064331054688e+00
5.179590543111165069e+00
5.194059107038709655e+00
5.137752268049451843e+00
5.146615399254693024e+00
5.157792886098225615e+00
5.117914941575792298e+00
5.101032416025797822e+00
5.059710608588324554e+00
5.068833298153347044e+00
5.122157785627576843e+00
5.113768736521403291e+00
5.096272044711643190e+00
5.029699219597710602e+00
5.012391355302598939e+00
5.028238932291666963e+00
5.059973875681559541e+00
5.016499413384331696e+00
4.999636120266384154e+00
5.024648931291368470e+00
