9.282927380667792550e-01
7.967244651582505721e-01
7.887081040276421318e-01
7.849653628137376327e-01
7.826607690917121163e-01
7.810525364345974886e-01
7.796749605072869072e-01
7.785483532481722868e-01
7.775226566526625138e-01
7.766186594963073730e-01
7.757749822404649276e-01
7.749043107032775879e-01
7.741119530465867538e-01
7.734542687733968469e-01
7.726239760716756555e-01
7.720542814996507186e-01
7.712183396021524695e-01
7.708205183347066614e-01
7.699901660283406946e-01
7.695174084769355050e-01
7.688077092170715332e-01
7.683221035533480681e-01
7.676466570960150948e-01
7.669418123033311385e-01
7.664201988114250907e-01
7.657547990481058386e-01
7.654079463746812362e-01
7.649026115735372278e-01
7.643682228194342843e-01
7.637954023149278182e-01
7.632537219259474259e-01
7.627682884534200403e-01
7.620729737811617888e-01
7.615877853499518624e-01
7.610216405656602401e-01
7.605353924963209611e-01
7.600354088677300224e-01
7.596280243661668319e-01
7.589164707395765763e-01
7.583368751737806779e-01
7.577389213773939591e-01
7.571498950322469446e-01
7.566324671109517785e-01
7.562423944473266602e-01
7.555894255638122559e-01
7.553654114405313758e-01
7.547253304057650602e-01
7.541781730122036898e-01
7.536725600560506555e-01
7.534096373452080497e-01
7.529825899336073380e-01
7.524911959966024133e-01
7.522368696000840682e-01
7.514658371607462195e-01
7.509050965309143066e-01
7.502152522404988977e-01
7.497827675607469100e-01
7.490601539611816406e-01
7.486653327941894531e-01
7.479602694511413574e-01
7.472036679585775110e-01
7.464546163876851770e-01
7.455758717324998397e-01
7.446269326739840544e-01
7.438581453429328194e-01
7.437772750854492188e-01
7.420767611927456819e-01
7.411376569006178361e-01
7.402623097101846961e-01
7.392014596197340470e-01
7.386082808176676062e-01
7.385260595215691337e-01
7.373430530230203894e-01
7.358840107917785645e-01
7.354776395691765556e-01
7.344329224692450753e-01
7.333246734407212752e-01
7.322686976856656038e-01
7.323486871189541780e-01
7.302669882774353027e-01
7.293639712863497770e-01
7.286424570613436735e-01
7.271677123175727120e-01
7.259855071703592566e-01
7.255384789572821846e-01
7.243681616253323519e-01
7.238266799185011369e-01
7.228651973936293107e-01
7.223762472470601770e-01
7.214900122748481026e-01
7.201180259386698035e-01
7.196461160977681848e-01
7.187848819626702079e-01
7.179551124572753906e-01
7.171804640028212052e-01
7.169238328933715820e-01
7.155568401018778113e-01
7.145354880226982841e-01
7.141031954023573380e-01
7.149822711944580078e-01
7.128942211469014856e-01
7.116735113991631279e-01
7.118906643655564803e-01
7.108665307362874719e-01
7.092691659927368164e-01
7.081660098499722444e-01
7.077249752150641671e-01
7.083162665367126465e-01
7.063304583231607703e-01
7.049376037385728377e-01
7.042668528027005159e-01
7.043729159567091447e-01
7.038697732819451103e-01
7.034625013669332239e-01
7.018001013331942595e-01
7.000716461075676689e-01
6.991493503252664832e-01
6.983241041501363489e-01
6.979459524154663086e-01
6.974986924065483818e-01
6.963061690330505371e-01
6.962887777222527275e-01
6.942644053035311735e-01
6.930907368659973145e-01
6.933526065614488143e-01
6.912954515881009065e-01
6.898651652865939177e-01
6.890197263823615303e-01
6.878074142667982560e-01
6.877315176857842216e-01
6.916074355443319055e-01
6.878018577893575403e-01
6.848553021748861047e-01
6.831438938776651648e-01
6.818259093496534806e-01
6.810934411154853096e-01
6.793061825964186173e-01
6.791248122851053504e-01
6.817987826135423202e-01
6.786372396681044084e-01
6.769072280989752999e-01
6.754674779044257393e-01
6.747458908292982560e-01
6.749217973815070382e-01
6.736796696980794641e-01
6.758759882715013045e-01
6.735553079181246794e-01
6.709691219859652556e-01
6.703169080946180802e-01
6.713682413101196289e-01
