9.475318590799966856e+00
8.695970853169759707e+00
8.219193988376193971e+00
8.045328246222602786e+00
7.955379539065891237e+00
7.885656144883897767e+00
7.824859195285373659e+00
7.770472738477918639e+00
7.721423467000325225e+00
7.671223428514268861e+00
7.624259630839030244e+00
7.578841315375433929e+00
7.535843213399251006e+00
7.497777938842773438e+00
7.455317656199137666e+00
7.413700580596923828e+00
7.374956660800510377e+00
7.339498731825086608e+00
7.310724523332384095e+00
7.276286178165012331e+00
7.239123026529948213e+00
7.201741112603081696e+00
7.175915347205267913e+00
7.151205910576714508e+00
7.137804826100667022e+00
7.085955089992946654e+00
7.048221747080485322e+00
7.045813401540120147e+00
7.019973066118028626e+00
6.978966712951660156e+00
6.971891880035400391e+00
6.919774585300022096e+00
6.940063211652967468e+00
6.865870263841417298e+00
6.870625019073486328e+00
6.840811676449245482e+00
6.798651801215277679e+00
6.756960180070665345e+00
6.731597688462999329e+00
6.742249647776286103e+00
6.721490807003444701e+00
6.656431727939182252e+00
6.679432180192735657e+00
6.681544091966417298e+00
6.609740098317463897e+00
6.656542672051323883e+00
6.579638216230604186e+00
6.624010086059570312e+00
6.621032714843750000e+00
6.560069825914171204e+00
6.546817461649577119e+00
6.510539584689670534e+00
6.520458327399359710e+00
6.412779861026340456e+00
6.423317167494031921e+00
6.456052303314208984e+00
6.366478602091471650e+00
6.460311200883653626e+00
6.352900611029730804e+00
6.461394733852809935e+00
6.329433970981174440e+00
6.404285113016764619e+00
6.254569371541340850e+00
6.309479236602783203e+00
6.265600787268744476e+00
6.344426525963677399e+00
6.176870187123616240e+00
6.165758715735541351e+00
6.292690277099609375e+00
6.270988941192626953e+00
6.288275082906086944e+00
6.182153701782226562e+00
6.162630240122477510e+00
6.060723622639973662e+00
6.150754716661241517e+00
6.199271572960747712e+00
6.050171958075629242e+00
6.178684075673420928e+00
6.103632503085666627e+00
6.111514303419324889e+00
6.109209113650852174e+00
5.960492028130425446e+00
6.039822843339708314e+00
6.109080314636230469e+00
5.940012878841823607e+00
6.071658664279514284e+00
5.882341014014349945e+00
6.003792126973469756e+00
6.039948357476128571e+00
5.844437334272596374e+00
5.999284108479817412e+00
5.825469811757405303e+00
6.008638064066569306e+00
5.784806410471598603e+00
5.951687230004204743e+00
5.940082656012640960e+00
5.857314798567029968e+00
5.799788951873779297e+00
5.914919270409478180e+00
5.760584566328260436e+00
5.822630087534586885e+00
5.718656857808430694e+00
5.815422693888346650e+00
5.797978242238362334e+00
5.726918750339084596e+00
5.858900176154242523e+00
5.658662319183349609e+00
5.608703030480278962e+00
5.721479150984022155e+00
5.725266721513536439e+00
5.666514131757947936e+00
5.676815668741862275e+00
5.751116010877820983e+00
5.563387129041883483e+00
5.684083885616725951e+00
5.525072786543104186e+00
5.717569457160101898e+00
5.489964485168457031e+00
5.700156423780653014e+00
5.518205112881130248e+00
5.669139703114827178e+00
5.468566682603624329e+00
5.669653733571370147e+00
5.497376230027940736e+00
5.643323050604926117e+00
5.531337791019016237e+00
5.614384545220269196e+00
5.416164239247639678e+00
5.548798402150471709e+00
5.388958719041612611e+00
5.541787412431505189e+00
5.436829672919379242e+00
5.597087118360731139e+00
5.487090587615966797e+00
5.418205632103814118e+00
5.472075674268934264e+00
5.384885364108615846e+00
5.470674567752414674e+00
5.410115400950114228e+00
5.344195418887668581e+00
5.462065643734401732e+00
5.379602803124321930e+00
5.435155709584553740e+00
5.262238131629096038e+00
5.340543588002522490e+00
5.402506086561414733e+00
5.358205265469020873e+00
5.283512963189019196e+00
5.360914654201931029e+00
5.302592648400200837e+00
