4.946085082160101898e+00
4.445862240261501341e+00
4.217830975850422881e+00
4.141573958926731081e+00
4.088766574859619141e+00
4.042605453067356081e+00
4.005190504921807282e+00
3.965253459082709320e+00
3.927251524395412918e+00
3.888511180877685547e+00
3.862472825580173019e+00
3.831245952182345871e+00
3.796458456251356139e+00
3.763582150141397964e+00
3.755016353395250306e+00
3.726543691423204407e+00
3.698549482557508483e+00
3.678411377800835602e+00
3.654108179940117829e+00
3.614024374220106139e+00
3.585532161924573913e+00
3.581219885084363952e+00
3.594024790657891266e+00
3.563644276724921234e+00
3.533773501714070786e+00
3.515827337900797378e+00
3.499120050006442550e+00
3.503150357140435212e+00
3.440013302697075837e+00
3.409893088870578293e+00
3.405070225397745620e+00
3.460080358717176452e+00
3.375159422556559097e+00
3.409924878014458649e+00
3.346381611294216629e+00
3.375191291173299302e+00
3.356424729029337417e+00
3.370968924628363617e+00
3.292421579360961914e+00
3.362551344765557282e+00
3.279561016294691100e+00
3.295325067308214173e+00
3.276536650127834793e+00
3.271612432267930970e+00
3.253857639100816712e+00
3.247660636901855469e+00
3.237264076868692886e+00
3.273351351420084487e+00
3.168683131535848130e+00
3.151825428009033203e+00
3.194251510832044616e+00
3.178542269600762360e+00
3.202900038825140960e+00
3.115210321214464173e+00
3.161807907952202790e+00
3.123974323272705078e+00
3.173946036232842438e+00
3.088117731942070954e+00
3.134252309799194336e+00
3.051319678624471177e+00
3.069001966052585129e+00
3.080951902601453796e+00
3.025305403603447907e+00
3.018575535880194671e+00
3.068810542424520005e+00
2.979916360643175111e+00
3.045300298266940597e+00
3.010453833474053376e+00
3.021318674087524414e+00
2.980947971343994141e+00
3.009484476513332840e+00
2.965078194936116684e+00
2.991958141326904297e+00
3.003413730197482590e+00
2.965720123714870926e+00
2.923074351416693695e+00
2.893435213300916686e+00
2.927386124928792466e+00
2.975864595837063309e+00
2.926908334096272934e+00
2.922911908891466126e+00
2.860623942481146820e+00
2.855917135874430191e+00
2.920039865705701843e+00
2.848822249306572907e+00
2.890035152435302734e+00
2.835975488026936997e+00
2.845487276713053237e+00
2.868340041902330384e+00
2.817410707473754883e+00
2.801989555358886719e+00
2.776229143142700195e+00
2.758400943544176087e+00
2.755866077211168275e+00
2.856922705968221177e+00
2.828075779808892243e+00
2.823726177215576172e+00
2.797313796149359710e+00
2.799925115373399720e+00
2.778873549567328460e+00
2.746186971664428711e+00
2.713700003094143387e+00
2.696624888314141266e+00
2.750017669465806947e+00
2.762777646382649888e+00
2.748184098137749665e+00
2.756384081310696121e+00
2.711528804567125306e+00
2.694217125574747573e+00
2.690375301573011413e+00
2.747275643878512863e+00
2.691120942433675278e+00
2.668258905410766602e+00
2.670828925238715179e+00
2.702836698955959793e+00
2.669489251242743499e+00
2.629878335528903488e+00
2.604275147120157730e+00
2.590436697006225586e+00
2.636441177792019364e+00
2.682290501064724442e+00
2.669155173831515793e+00
2.653893762164645675e+00
2.630898952484130859e+00
2.629573239220513337e+00
2.651038673188951478e+00
2.620865556928846374e+00
2.570020357767740737e+00
2.537798378202650085e+00
2.512165360980563644e+00
2.519755601882934570e+00
2.653464635213216294e+00
2.617453787061903014e+00
2.628432803683810715e+00
2.595087634192572601e+00
2.569464153713650223e+00
2.571108871036105636e+00
2.553005324469672210e+00
2.561908960342407227e+00
2.576887210210164536e+00
2.566324286990695480e+00
2.531749195522732254e+00
2.480686902999877930e+00
2.445443550745646011e+00
2.420969035890367493e+00
2.465566741095648773e+00
2.570411761601766099e+00
2.540762821833292495e+00
2.545009533564249526e+00
2.535606834623548522e+00
