id,good,bad
0,8,0
1,9,0
2,8,0
3,4,0
4,6,0
5,8,0
6,5,0
7,4,0
8,5,0
9,7,0
10,9,0
11,10,0
12,6,0
13,5,0
14,4,0
15,7,0
16,8,0
17,6,0
18,6,0
19,4,0
20,4,0
21,7,0
22,6,0
23,7,0
24,5,0
25,5,0
26,4,0
27,9,0
28,3,0
29,7,0
30,5,0
31,3,0
32,4,0
33,6,0
34,8,0
35,7,0
36,9,0
37,4,0
38,6,0
39,8,0
40,3,0
41,5,0
42,4,0
43,9,0
44,8,0
45,4,0
46,6,0
47,6,0
48,6,0
49,8,0
50,5,0
51,4,0
52,1,0
53,5,0
54,4,0
55,8,0
56,7,0
57,4,0
58,4,0
59,5,0
60,6,0
61,7,0
62,4,0
63,4,0
64,9,0
65,6,0
66,12,0
67,5,0
68,4,0
69,5,0
70,7,0
71,6,0
72,9,0
73,14,0
74,10,0
75,6,0
76,9,0
77,7,0
78,5,0
79,7,0
80,6,0
81,7,0
82,9,0
83,4,0
84,4,0
85,6,0
86,3,0
87,7,0
88,9,0
89,5,0
90,7,0
91,7,0
92,13,0
93,6,0
94,7,0
95,7,0
96,11,0
97,4,0
98,5,0
99,10,0
100,5,0
101,6,0
102,11,0
103,5,0
104,8,0
105,4,0
106,8,0
107,5,0
108,9,0
109,9,0
110,3,0
111,6,0
112,5,0
113,4,0
114,7,0
115,9,0
116,3,0
117,8,0
118,6,0
119,4,0
120,6,0
121,5,0
122,6,0
123,7,0
124,7,0
125,6,0
126,6,0
127,10,0
128,5,0
129,3,0
130,7,0
131,7,0
132,11,0
133,5,0
134,4,0
135,7,0
136,3,0
137,7,0
138,8,0
139,6,0
140,5,0
141,9,0
142,5,0
143,5,0
144,2,0
145,6,0
146,6,0
147,5,0
148,4,0
149,6,0
150,7,0
151,8,0
152,5,0
153,6,0
154,9,0
155,6,0
156,7,0
157,8,0
158,7,0
159,8,0
160,10,0
161,6,0
162,2,0
163,4,0
164,10,0
165,3,0
166,5,0
167,5,0
168,3,0
169,6,0
170,5,0
171,4,0
172,8,0
173,5,0
174,2,0
175,7,0
176,5,0
177,5,0
178,6,0
179,5,0
180,7,0
181,5,0
182,5,0
183,5,0
184,6,0
185,10,0
186,4,0
187,10,0
188,6,0
189,3,0
190,10,0
191,8,0
192,7,0
193,5,0
194,5,0
195,5,0
196,7,0
197,5,0
198,8,0
199,11,0
200,7,0
201,8,0
202,10,0
203,12,0
204,3,0
205,13,0
206,7,0
207,6,0
208,8,0
209,7,0
210,9,0
211,6,0
212,9,0
213,7,0
214,9,0
215,9,0
216,5,0
217,6,0
218,8,0
219,6,0
220,2,0
221,7,0
222,5,0
223,9,0
224,4,0
225,6,0
226,8,0
227,10,0
228,8,0
229,6,0
230,9,0
231,2,0
232,6,0
233,7,0
234,8,0
235,7,0
236,13,0
237,6,0
238,7,0
239,7,0
240,0,0
241,9,0
242,4,0
243,5,0
244,4,0
245,6,0
246,9,0
247,7,0
248,6,0
249,5,0
250,11,0
251,9,0
252,8,0
253,6,0
254,7,0
255,2,0
256,7,0
257,9,0
258,9,0
259,9,0
260,12,0
261,8,0
262,7,0
263,8,0
264,8,0
265,7,0
266,8,0
267,9,0
268,5,0
269,4,0
270,6,0
271,9,0
272,8,0
273,2,0
274,10,0
275,8,0
276,5,0
277,8,0
278,2,0
279,4,0
280,8,0
281,8,0
282,4,0
283,6,0
284,6,0
285,5,0
286,6,0
287,7,0
288,7,0
289,5,0
290,4,0
291,5,0
292,7,0
293,7,0
294,4,0
295,6,0
296,8,0
297,10,0
298,9,0
299,12,0
300,7,0
301,4,0
302,7,0
303,6,0
304,7,0
305,6,0
306,8,0
307,8,0
308,6,0
309,4,0
310,5,0
311,3,0
312,7,0
313,2,0
314,7,0
315,10,0
316,4,0
317,6,0
318,8,0
319,5,0
320,11,0
321,7,0
322,5,0
323,7,0
324,5,0
325,2,0
326,4,0
327,12,0
328,5,0
329,4,0
330,10,0
331,4,0
332,8,0
333,9,0
334,4,0
335,6,0
336,5,0
337,7,0
338,4,0
339,3,0
340,9,0
341,7,0
342,8,0
343,6,0
344,6,0
345,5,0
346,7,0
347,9,0
348,9,0
349,7,0
350,10,0
351,6,0
352,5,0
353,6,0
354,4,0
355,3,0
356,7,0
357,8,0
358,7,0
359,6,0
360,7,0
361,6,0
362,11,0
363,4,0
364,7,0
365,5,0
366,7,0
367,5,0
368,8,0
369,12,0
370,1,0
371,5,0
372,7,0
373,12,0
374,6,0
375,10,0
376,5,0
377,9,0
378,6,0
379,5,0
380,6,0
381,5,0
382,9,0
383,4,0
384,7,0
385,9,0
386,5,0
387,4,0
388,16,0
389,2,0
390,13,0
391,7,0
392,8,0
393,5,0
394,8,0
395,6,0
396,8,0
397,6,0
398,6,0
399,10,0
400,9,0
401,8,0
402,9,0
403,7,0
404,6,0
405,11,0
406,9,0
407,11,0
408,6,0
409,11,0
410,7,0
411,11,0
412,8,0
413,9,0
414,9,0
415,1,0
416,10,0
417,4,0
418,11,0
419,6,0
420,10,0
421,7,0
422,13,0
423,6,0
424,8,0
425,9,0
426,10,0
427,6,0
428,9,0
429,9,0
430,14,0
431,4,0
432,12,0
433,10,0
434,3,0
435,7,0
436,6,0
437,12,0
438,7,0
439,8,0
440,7,0
441,5,0
442,9,0
443,7,0
444,5,0
445,15,0
446,7,0
447,10,0
448,9,0
449,7,0
450,12,0
451,9,0
452,8,0
453,11,0
454,6,0
455,9,0
456,7,0
457,7,0
458,8,0
459,9,0
460,9,0
461,12,0
462,13,0
463,3,0
464,7,0
465,12,0
466,7,0
467,6,0
468,5,0
469,7,0
470,7,0
471,12,0
472,10,0
473,11,0
474,9,0
475,11,0
476,7,0
477,6,0
478,4,0
479,7,0
480,9,0
481,12,0
482,4,0
483,8,0
484,8,0
485,7,0
486,8,0
487,10,0
488,7,0
489,8,0
490,4,0
491,13,0
492,15,0
493,8,0
494,12,0
495,8,0
496,4,0
497,7,0
498,7,0
499,7,0
500,11,0
501,10,0
502,7,0
503,9,0
504,5,0
505,5,0
506,9,0
507,10,0
508,7,0
509,12,0
510,7,0
511,11,0
512,13,0
513,4,0
514,11,0
515,7,0
516,8,0
517,7,0
518,7,0
519,5,0
520,5,0
521,10,0
522,6,0
523,6,0
524,11,0
525,11,0
526,7,0
527,9,0
528,6,0
529,6,0
530,1,0
531,8,0
532,9,0
533,9,0
534,13,0
535,11,0
536,6,0
537,7,0
538,7,0
539,10,0
540,9,0
541,10,0
542,7,0
543,9,0
544,12,0
545,11,0
546,9,0
547,5,0
548,9,0
549,6,0
550,7,0
551,9,0
552,7,0
553,8,0
554,7,0
555,10,0
556,9,0
557,9,0
558,4,0
559,10,0
560,9,0
561,12,0
562,9,0
563,6,0
564,10,0
565,7,0
566,7,0
567,14,0
568,10,0
569,5,0
570,8,0
571,11,0
572,8,0
573,11,0
574,8,0
575,8,0
576,6,0
577,7,0
578,10,0
579,8,0
580,8,0
581,10,0
582,11,0
583,5,0
584,7,0
585,10,0
586,6,0
587,15,0
588,3,0
589,10,0
590,3,0
591,6,0
592,8,0
593,8,0
594,6,0
595,7,0
596,15,0
597,10,0
598,10,0
599,8,0
600,10,0
601,7,0
602,3,0
603,7,0
604,8,0
605,6,0
606,4,0
607,8,0
608,4,0
609,5,0
610,5,0
611,11,0
612,10,0
613,8,0
614,11,0
615,9,0
616,5,0
617,8,0
618,7,0
619,7,0
620,6,0
621,9,0
622,4,0
623,11,0
624,4,0
625,7,0
626,4,0
627,9,0
628,11,0
629,7,0
630,12,0
631,7,0
632,11,0
633,8,0
634,9,0
635,6,0
636,9,0
637,7,0
638,8,0
639,5,0
640,8,0
641,12,0
642,5,0
643,4,0
644,4,0
645,7,0
646,7,0
647,7,0
648,7,0
649,8,0
650,12,0
651,8,0
652,6,0
653,5,0
654,11,0
655,3,0
656,8,0
657,3,0
658,2,0
659,8,0
660,6,0
661,10,0
662,10,0
663,10,0
664,7,0
665,8,0
666,6,0
667,5,0
668,8,0
669,10,0
670,6,0
671,8,0
672,6,0
673,5,0
674,7,0
675,9,0
676,7,0
677,8,0
678,5,0
679,5,0
680,8,0
681,10,0
682,6,0
683,9,0
684,6,0
685,5,0
686,7,0
687,5,0
688,8,0
689,7,0
690,6,0
691,6,0
692,10,0
693,9,0
694,7,0
695,13,0
696,6,0
697,5,0
698,8,0
699,4,0
700,5,0
701,9,0
702,6,0
703,8,0
704,8,0
705,6,0
706,6,0
707,5,0
708,8,0
709,6,0
710,5,0
711,6,0
712,7,0
713,6,0
714,10,0
715,3,0
716,9,0
717,7,0
718,7,0
719,9,0
720,6,0
721,11,0
722,7,0
723,6,0
724,9,0
725,9,0
726,6,0
727,3,0
728,8,0
729,12,0
730,2,0
731,7,0
732,8,0
733,9,0
734,10,0
735,7,0
736,6,0
737,5,0
738,9,0
739,6,0
740,10,0
741,10,0
742,8,0
743,8,0
744,7,0
745,7,0
746,7,0
747,5,0
748,8,0
749,8,0
750,12,0
751,7,0
752,5,0
753,8,0
754,6,0
755,9,0
756,6,0
757,6,0
758,5,0
759,8,0
760,3,0
761,6,0
762,4,0
763,8,0
764,4,0
765,5,0
766,7,0
767,8,0
768,11,0
769,8,0
770,10,0
771,4,0
772,7,0
773,8,0
774,8,0
775,9,0
776,8,0
777,9,0
778,6,0
779,3,0
780,9,0
781,6,0
782,7,0
783,12,0
784,8,0
785,9,0
786,3,0
787,5,0
788,4,0
789,7,0
790,9,0
791,12,0
792,13,0
793,10,0
794,8,0
795,9,0
796,10,0
797,4,0
798,9,0
799,11,0
800,5,0
801,7,0
802,9,0
803,9,0
804,6,0
805,9,0
806,7,0
807,10,0
808,3,0
809,4,0
810,5,0
811,11,0
812,6,0
813,5,0
814,5,0
815,6,0
816,9,0
817,4,0
818,8,0
819,7,0
820,3,0
821,6,0
822,4,0
823,8,0
824,8,0
825,6,0
826,6,0
827,10,0
828,6,0
829,7,0
830,7,0
831,8,0
832,4,0
833,8,0
834,7,0
835,5,0
836,4,0
837,7,0
838,5,0
839,7,0
840,9,0
841,6,0
842,5,0
843,8,0
844,6,0
845,8,0
846,9,0
847,4,0
848,7,0
849,5,0
850,12,0
851,4,0
852,4,0
853,9,0
854,7,0
855,5,0
856,2,0
857,6,0
858,6,0
859,8,0
860,8,0
861,8,0
862,11,0
863,10,0
864,9,0
865,8,0
866,7,0
867,6,0
868,10,0
869,6,0
870,7,0
871,6,0
872,4,0
873,7,0
874,6,0
875,8,0
876,6,0
877,9,0
878,5,0
879,8,0
880,6,0
881,5,0
882,6,0
883,7,0
884,10,0
885,5,0
886,7,0
887,7,0
888,10,0
889,3,0
890,5,0
891,5,0
892,7,0
893,8,0
894,3,0
895,6,0
896,6,0
897,8,0
898,4,0
899,9,0
900,6,0
901,5,0
902,6,0
903,6,0
904,8,0
905,3,0
906,3,0
907,7,0
908,6,0
909,7,0
910,9,0
911,3,0
912,9,0
913,7,0
914,5,0
915,7,0
916,6,0
917,5,0
918,5,0
919,5,0
920,6,0
921,6,0
922,11,0
923,8,0
924,3,0
925,5,0
926,5,0
927,5,0
928,7,0
929,4,0
930,7,0
931,7,0
932,9,0
933,9,0
934,4,0
935,7,0
936,7,0
937,6,0
938,6,0
939,11,0
940,8,0
941,9,0
942,9,0
943,5,0
944,9,0
945,7,0
946,3,0
947,6,0
948,5,0
949,5,0
950,5,0
951,7,0
952,5,0
953,4,0
954,9,0
955,9,0
956,5,0
957,8,0
958,4,0
959,5,0
960,11,0
961,3,0
962,5,0
963,6,0
964,6,0
965,6,0
966,5,0
967,8,0
968,5,0
969,8,0
970,9,0
971,6,0
972,5,0
973,2,0
974,10,0
975,8,0
976,4,0
977,10,0
978,11,0
979,5,0
980,7,0
981,7,0
982,7,0
983,7,0
984,8,0
985,8,0
986,9,0
987,7,0
988,6,0
989,8,0
990,8,0
991,5,0
992,7,0
993,3,0
994,5,0
995,6,0
996,6,0
997,7,0
998,7,0
999,6,0
1000,8,0
1001,7,0
1002,7,0
1003,6,0
1004,5,0
1005,10,0
1006,10,0
1007,8,0
1008,8,0
1009,6,0
1010,8,0
1011,2,0
1012,3,0
1013,9,0
1014,1,0
1015,5,0
1016,8,0
1017,5,0
1018,7,0
1019,5,0
1020,10,0
1021,6,0
1022,8,0
1023,7,0
1024,5,0
1025,9,0
1026,8,0
1027,9,0
1028,10,0
1029,5,0
1030,6,0
1031,4,0
1032,6,0
1033,7,0
1034,7,0
1035,3,0
1036,6,0
1037,5,0
1038,5,0
1039,6,0
1040,8,0
1041,7,0
1042,7,0
1043,3,0
1044,5,0
1045,10,0
1046,5,0
1047,6,0
1048,5,0
1049,3,0
1050,6,0
1051,7,0
1052,7,0
1053,5,0
1054,5,0
1055,3,0
1056,4,0
1057,6,0
1058,5,0
1059,7,0
1060,4,0
1061,8,0
1062,10,0
1063,5,0
1064,12,0
1065,9,0
1066,3,0
1067,4,0
1068,2,0
1069,4,0
1070,10,0
1071,5,0
1072,9,0
1073,3,0
1074,11,0
1075,5,0
1076,7,0
1077,4,0
1078,7,0
1079,4,0
1080,8,0
1081,3,0
1082,8,0
1083,5,0
1084,6,0
1085,9,0
1086,7,0
1087,8,0
1088,8,0
1089,4,0
1090,5,0
1091,8,0
1092,3,0
1093,8,0
1094,2,0
1095,11,0
1096,8,0
1097,7,0
1098,6,0
1099,7,0
1100,9,0
1101,8,0
1102,5,0
1103,8,0
1104,1,0
1105,2,0
1106,6,0
1107,4,0
1108,7,0
1109,5,0
1110,5,0
1111,5,0
1112,5,0
1113,5,0
1114,10,0
1115,5,0
1116,14,0
1117,7,0
1118,5,0
1119,6,0
1120,8,0
1121,6,0
1122,7,0
1123,5,0
1124,7,0
1125,5,0
1126,11,0
1127,4,0
1128,6,0
1129,9,0
1130,5,0
1131,7,0
1132,5,0
1133,3,0
1134,5,0
1135,7,0
1136,7,0
1137,6,0
1138,4,0
1139,6,0
1140,9,0
1141,6,0
1142,8,0
1143,9,0
1144,4,0
1145,13,0
1146,17,0
1147,8,0
1148,4,0
1149,5,0
1150,15,0
1151,7,0
1152,8,0
1153,11,0
1154,9,0
1155,9,0
1156,8,0
1157,6,0
1158,3,0
1159,7,0
1160,3,0
1161,4,0
1162,8,0
1163,4,0
1164,7,0
1165,6,0
1166,7,0
1167,6,0
1168,6,0
1169,2,0
1170,11,0
1171,3,0
1172,13,0
1173,11,0
1174,9,0
1175,11,0
1176,5,0
1177,8,0
1178,5,0
1179,9,0
1180,8,0
1181,7,0
1182,6,0
1183,4,0
1184,6,0
1185,6,0
1186,2,0
1187,7,0
1188,6,0
1189,7,0
1190,7,0
1191,4,0
1192,6,0
1193,10,0
1194,5,0
1195,12,0
1196,6,0
1197,7,0
1198,7,0
1199,4,0
1200,6,0
1201,11,0
1202,6,0
1203,10,0
1204,4,0
1205,6,0
1206,7,0
1207,4,0
1208,7,0
1209,9,0
1210,8,0
1211,6,0
1212,7,0
1213,7,0
1214,5,0
1215,3,0
1216,6,0
1217,6,0
1218,5,0
1219,8,0
1220,6,0
1221,8,0
1222,6,0
1223,8,0
1224,8,0
1225,8,0
1226,3,0
1227,7,0
1228,5,0
1229,15,0
1230,13,0
1231,11,0
1232,6,0
1233,3,0
1234,11,0
1235,9,0
1236,6,0
1237,7,0
1238,13,0
1239,7,0
1240,8,0
1241,15,0
1242,14,0
1243,10,0
1244,8,0
1245,7,0
1246,2,0
1247,13,0
1248,8,0
1249,6,0
1250,5,0
1251,9,0
1252,10,0
1253,9,0
1254,3,0
1255,8,0
1256,8,0
1257,15,0
1258,6,0
1259,14,0
1260,15,0
1261,9,0
1262,14,0
1263,16,0
1264,16,0
1265,8,0
1266,7,0
1267,6,0
1268,7,0
1269,9,0
1270,9,0
1271,11,0
1272,9,0
1273,10,0
1274,10,0
1275,8,0
1276,16,0
1277,11,0
1278,4,0
1279,3,0
1280,9,0
1281,15,0
1282,7,0
1283,15,0
1284,9,0
1285,16,0
1286,5,0
1287,5,0
1288,10,0
1289,3,0
1290,11,0
1291,1,0
1292,5,0
1293,5,0
1294,10,0
1295,9,0
1296,10,0
1297,8,0
1298,1,0
1299,8,0
1300,9,0
1301,9,0
1302,9,0
1303,16,0
1304,3,0
1305,9,0
1306,8,0
1307,6,0
1308,9,0
1309,9,0
1310,9,0
1311,4,0
1312,8,0
1313,3,0
1314,4,0
1315,2,0
1316,8,0
1317,9,0
1318,6,0
1319,1,0
1320,7,0
1321,8,0
1322,9,0
1323,5,0
1324,9,0
1325,8,0
1326,3,0
1327,9,0
1328,8,0
1329,9,0
1330,8,0
1331,7,0
1332,7,0
1333,9,0
1334,10,0
1335,7,0
1336,5,0
1337,5,0
1338,8,0
1339,8,0
1340,5,0
1341,3,0
1342,8,0
1343,8,0
1344,5,0
1345,5,0
1346,3,0
1347,4,0
1348,9,0
1349,10,0
1350,6,0
1351,9,0
1352,9,0
1353,4,0
1354,9,0
1355,10,0
1356,11,0
1357,9,0
1358,14,0
1359,13,0
1360,14,0
1361,14,0
1362,13,0
1363,7,0
1364,5,0
1365,3,0
1366,6,0
1367,6,0
1368,13,0
1369,11,0
1370,14,0
1371,8,0
1372,7,0
1373,9,0
1374,14,0
1375,14,0
1376,9,0
1377,15,0
1378,9,0
1379,10,0
1380,5,0
1381,8,0
1382,14,0
1383,13,0
1384,10,0
1385,5,0
1386,3,0
1387,6,0
1388,2,0
1389,7,0
1390,3,0
1391,9,0
1392,10,0
1393,7,0
1394,4,0
1395,5,0
1396,13,0
1397,8,0
1398,5,0
1399,6,0
1400,4,0
1401,6,0
1402,8,0
1403,6,0
1404,7,0
1405,8,0
1406,6,0
1407,7,0
1408,6,0
1409,9,0
1410,11,0
1411,6,0
1412,6,0
1413,4,0
1414,8,0
1415,6,0
1416,6,0
1417,6,0
1418,5,0
1419,7,0
1420,3,0
1421,7,0
1422,5,0
1423,4,0
1424,8,0
1425,9,0
1426,9,0
1427,5,0
1428,6,0
1429,11,0
1430,6,0
1431,8,0
1432,8,0
1433,6,0
1434,9,0
1435,7,0
1436,10,0
1437,9,0
1438,7,0
1439,10,0
1440,8,0
1441,5,0
1442,5,0
1443,6,0
1444,7,0
1445,8,0
1446,5,0
1447,7,0
1448,8,0
1449,3,0
1450,6,0
1451,9,0
1452,8,0
1453,9,0
1454,6,0
1455,9,0
1456,3,0
1457,4,0
1458,9,0
1459,6,0
1460,5,0
1461,3,0
1462,3,0
1463,6,0
1464,8,0
1465,6,0
1466,4,0
1467,10,0
1468,8,0
1469,9,0
1470,9,0
1471,7,0
1472,7,0
1473,6,0
1474,11,0
1475,4,0
1476,4,0
1477,4,0
1478,7,0
1479,6,0
1480,6,0
1481,7,0
1482,6,0
1483,4,0
1484,7,0
1485,10,0
1486,8,0
1487,10,0
1488,7,0
1489,3,0
1490,6,0
1491,5,0
1492,6,0
1493,3,0
1494,10,0
1495,6,0
1496,4,0
1497,4,0
1498,5,0
1499,5,0
1500,5,0
1501,5,0
1502,7,0
1503,5,0
1504,6,0
1505,3,0
1506,6,0
1507,5,0
1508,5,0
1509,2,0
1510,5,0
1511,5,0
1512,8,0
1513,7,0
1514,3,0
1515,5,0
1516,4,0
1517,6,0
1518,5,0
1519,12,0
1520,6,0
1521,7,0
1522,5,0
1523,8,0
1524,6,0
1525,4,0
1526,3,0
1527,7,0
1528,6,0
1529,10,0
1530,8,0
1531,6,0
1532,12,0
1533,8,0
1534,5,0
1535,7,0
1536,5,0
1537,3,0
1538,3,0
1539,5,0
1540,4,0
1541,7,0
1542,6,0
1543,4,0
1544,7,0
1545,5,0
1546,6,0
1547,6,0
1548,4,0
1549,6,0
1550,8,0
1551,3,0
1552,5,0
1553,6,0
1554,8,0
1555,8,0
1556,5,0
1557,4,0
1558,6,0
1559,8,0
1560,7,0
1561,7,0
1562,9,0
1563,5,0
1564,5,0
1565,2,0
1566,3,0
1567,6,0
1568,2,0
1569,9,0
1570,3,0
1571,7,0
1572,3,0
1573,6,0
1574,5,0
1575,4,0
1576,7,0
1577,5,0
1578,8,0
1579,4,0
1580,6,0
1581,8,0
1582,6,0
1583,6,0
1584,4,0
1585,6,0
1586,8,0
1587,7,0
1588,6,0
1589,5,0
1590,6,0
1591,5,0
1592,5,0
1593,5,0
1594,4,0
1595,6,0
1596,5,0
1597,9,0
1598,6,0
1599,4,0
1600,6,0
1601,2,0
1602,9,0
1603,10,0
1604,4,0
1605,8,0
1606,8,0
1607,6,0
1608,4,0
1609,3,0
1610,8,0
1611,6,0
1612,9,0
1613,7,0
1614,4,0
1615,6,0
1616,11,0
1617,6,0
1618,8,0
1619,2,0
1620,3,0
1621,4,0
1622,10,0
1623,5,0
1624,5,0
1625,5,0
1626,5,0
1627,4,0
1628,6,0
1629,5,0
1630,7,0
1631,4,0
1632,5,0
1633,3,0
1634,8,0
1635,3,0
1636,5,0
1637,4,0
1638,9,0
1639,3,0
1640,3,0
1641,5,0
1642,8,0
1643,4,0
1644,5,0
1645,4,0
1646,6,0
1647,6,0
1648,6,0
1649,4,0
1650,6,0
1651,11,0
1652,4,0
1653,4,0
1654,5,0
1655,6,0
1656,5,0
1657,8,0
1658,7,0
1659,4,0
1660,5,0
1661,10,0
1662,8,0
1663,6,0
1664,9,0
1665,8,0
1666,11,0
1667,7,0
1668,7,0
1669,4,0
1670,9,0
1671,3,0
1672,3,0
1673,4,0
1674,7,0
1675,5,0
1676,8,0
1677,5,0
1678,8,0
1679,3,0
1680,3,0
1681,4,0
1682,8,0
1683,3,0
1684,3,0
1685,6,0
1686,3,0
1687,5,0
1688,6,0
1689,12,0
1690,7,0
1691,5,0
1692,9,0
1693,5,0
1694,3,0
1695,5,0
1696,7,0
1697,5,0
1698,8,0
1699,4,0
1700,8,0
1701,6,0
1702,5,0
1703,3,0
1704,9,0
1705,7,0
1706,9,0
1707,4,0
1708,6,0
1709,6,0
1710,6,0
1711,11,0
1712,7,0
1713,6,0
1714,6,0
1715,5,0
1716,11,0
1717,7,0
1718,5,0
1719,2,0
1720,8,0
1721,7,0
1722,5,0
1723,6,0
1724,6,0
1725,8,0
1726,2,0
1727,4,0
1728,3,0
1729,5,0
1730,5,0
1731,6,0
1732,5,0
1733,5,0
1734,7,0
1735,2,0
1736,11,0
1737,5,0
1738,4,0
1739,5,0
1740,8,0
1741,7,0
1742,5,0
1743,4,0
1744,8,0
1745,9,0
1746,7,0
1747,11,0
1748,5,0
1749,5,0
1750,5,0
1751,11,0
1752,4,0
1753,4,0
1754,7,0
1755,10,0
1756,5,0
1757,6,0
1758,6,0
1759,7,0
1760,4,0
1761,6,0
1762,3,0
1763,6,0
1764,5,0
1765,6,0
1766,4,0
1767,4,0
1768,6,0
1769,4,0
1770,10,0
1771,2,0
1772,7,0
1773,3,0
1774,6,0
1775,5,0
1776,8,0
1777,5,0
1778,5,0
1779,11,0
1780,6,0
1781,3,0
1782,4,0
1783,5,0
1784,5,0
1785,4,0
1786,4,0
1787,5,0
1788,5,0
1789,7,0
1790,5,0
1791,6,0
1792,4,0
1793,7,0
1794,4,0
1795,4,0
1796,11,0
1797,3,0
1798,6,0
1799,5,0
1800,7,0
1801,9,0
1802,8,0
1803,6,0
1804,5,0
1805,7,0
1806,8,0
1807,8,0
1808,5,0
1809,8,0
1810,4,0
1811,6,0
1812,3,0
1813,7,0
1814,3,0
1815,6,0
1816,4,0
1817,5,0
1818,7,0
1819,5,0
1820,4,0
1821,2,0
1822,3,0
1823,3,0
1824,6,0
1825,5,0
1826,3,0
1827,6,0
1828,7,0
1829,8,0
1830,5,0
1831,4,0
1832,5,0
1833,7,0
1834,10,0
1835,2,0
1836,8,0
1837,5,0
1838,8,0
1839,5,0
1840,5,0
1841,3,0
1842,7,0
1843,6,0
1844,11,0
1845,4,0
1846,6,0
1847,6,0
1848,4,0
1849,3,0
1850,10,0
1851,4,0
1852,2,0
1853,4,0
1854,5,0
1855,7,0
1856,6,0
1857,5,0
1858,5,0
1859,7,0
1860,4,0
1861,5,0
1862,6,0
1863,6,0
1864,4,0
1865,10,0
1866,9,0
1867,8,0
1868,3,0
1869,5,0
1870,9,0
1871,7,0
1872,6,0
1873,6,0
1874,2,0
1875,4,0
1876,6,0
1877,6,0
1878,7,0
1879,4,0
1880,7,0
1881,5,0
1882,10,0
1883,6,0
1884,7,0
1885,7,0
1886,3,0
1887,5,0
1888,6,0
1889,4,0
1890,5,0
1891,7,0
1892,6,0
1893,7,0
1894,4,0
1895,4,0
1896,2,0
1897,3,0
1898,3,0
1899,6,0
1900,5,0
1901,5,0
1902,4,0
1903,4,0
1904,7,0
1905,6,0
1906,2,0
1907,9,0
1908,3,0
1909,4,0
1910,3,0
1911,4,0
1912,8,0
1913,3,0
1914,5,0
1915,8,0
1916,7,0
1917,9,0
1918,5,0
1919,5,0
1920,10,0
1921,7,0
1922,5,0
1923,6,0
1924,3,0
1925,6,0
1926,5,0
1927,7,0
1928,5,0
1929,3,0
1930,5,0
1931,5,0
1932,10,0
1933,8,0
1934,3,0
1935,6,0
1936,11,0
1937,9,0
1938,5,0
1939,4,0
1940,3,0
1941,7,0
1942,7,0
1943,1,0
1944,7,0
1945,7,0
1946,7,0
1947,4,0
1948,5,0
1949,8,0
1950,8,0
1951,3,0
1952,7,0
1953,8,0
1954,7,0
1955,5,0
1956,11,0
1957,7,0
1958,6,0
1959,9,0
1960,4,0
1961,1,0
1962,4,0
1963,3,0
1964,3,0
1965,2,0
1966,8,0
1967,4,0
1968,6,0
1969,6,0
1970,5,0
1971,3,0
1972,6,0
1973,3,0
1974,6,0
1975,3,0
1976,3,0
1977,5,0
1978,3,0
1979,5,0
1980,10,0
1981,1,0
1982,5,0
1983,5,0
1984,8,0
1985,6,0
1986,5,0
1987,7,0
1988,6,0
1989,9,0
1990,7,0
1991,4,0
1992,9,0
1993,6,0
1994,3,0
1995,5,0
1996,6,0
1997,8,0
1998,7,0
1999,9,0
2000,5,0
2001,8,0
2002,3,0
2003,3,0
2004,15,0
2005,1,0
2006,8,0
2007,1,0
2008,1,0
2009,1,0
2010,4,0
2011,9,0
2012,5,0
2013,4,0
2014,7,0
2015,2,0
2016,1,0
2017,4,0
2018,1,0
2019,3,0
2020,1,0
2021,7,0
2022,3,0
2023,6,0
2024,1,0
2025,1,0
2026,5,0
2027,4,0
2028,2,0
2029,8,0
2030,1,0
2031,4,0
2032,3,0
2033,1,0
2034,6,0
2035,5,0
2036,6,0
2037,1,0
2038,2,0
2039,6,0
2040,7,0
2041,1,0
2042,8,0
2043,7,0
2044,4,0
2045,5,0
2046,4,0
2047,1,0
2048,5,0
2049,4,0
2050,5,0
2051,10,0
2052,1,0
2053,7,0
2054,1,0
2055,3,0
2056,3,0
2057,3,0
2058,5,0
2059,6,0
2060,4,0
2061,5,0
2062,1,0
2063,8,0
2064,1,0
2065,1,0
2066,5,0
2067,10,0
2068,5,0
2069,1,0
2070,9,0
2071,11,0
2072,3,0
2073,6,0
2074,1,0
2075,1,0
2076,3,0
2077,2,0
2078,1,0
2079,7,0
2080,6,0
2081,4,0
2082,3,0
2083,9,0
2084,3,0
2085,6,0
2086,4,0
2087,9,0
2088,2,0
2089,5,0
2090,3,0
2091,1,0
2092,4,0
2093,3,0
2094,5,0
2095,8,0
2096,6,0
2097,6,0
2098,8,0
2099,2,0
2100,5,0
2101,9,0
2102,8,0
2103,3,0
2104,7,0
2105,1,0
2106,5,0
2107,7,0
2108,5,0
2109,6,0
2110,6,0
2111,4,0
2112,8,0
2113,5,0
2114,6,0
2115,10,0
2116,5,0
2117,7,0
2118,4,0
2119,1,0
2120,5,0
2121,7,0
2122,6,0
2123,9,0
2124,6,0
2125,6,0
2126,6,0
2127,6,0
2128,7,0
2129,1,0
2130,5,0
2131,5,0
2132,3,0
2133,1,0
2134,3,0
2135,4,0
2136,3,0
2137,7,0
2138,1,0
2139,5,0
2140,6,0
2141,1,0
2142,7,0
2143,4,0
2144,3,0
2145,5,0
2146,4,0
2147,5,0
2148,6,0
2149,8,0
2150,3,0
2151,1,0
2152,4,0
2153,1,0
2154,7,0
2155,3,0
2156,2,0
2157,5,0
2158,6,0
2159,1,0
2160,5,0
2161,6,0
2162,5,0
2163,4,0
2164,4,0
2165,7,0
2166,5,0
2167,7,0
2168,6,0
2169,6,0
2170,6,0
2171,4,0
2172,8,0
2173,4,0
2174,1,0
2175,7,0
2176,5,0
2177,4,0
2178,4,0
2179,1,0
2180,11,0
2181,11,0
2182,7,0
2183,1,0
2184,3,0
2185,5,0
2186,6,0
2187,5,0
2188,9,0
2189,2,0
2190,4,0
2191,1,0
2192,5,0
2193,6,0
2194,4,0
2195,4,0
2196,7,0
2197,4,0
2198,5,0
2199,2,0
2200,5,0
2201,5,0
2202,10,0
2203,9,0
2204,12,0
2205,7,0
2206,5,0
2207,5,0
2208,8,0
2209,4,0
2210,4,0
2211,4,0
2212,7,0
2213,9,0
2214,11,0
2215,5,0
2216,7,0
2217,4,0
2218,5,0
2219,5,0
2220,11,0
2221,4,0
2222,7,0
2223,6,0
2224,6,0
2225,4,0
2226,4,0
2227,5,0
2228,5,0
2229,5,0
2230,7,0
2231,5,0
2232,6,0
2233,11,0
2234,5,0
2235,13,0
2236,9,0
2237,5,0
2238,6,0
2239,7,0
2240,8,0
2241,7,0
2242,6,0
2243,6,0
2244,4,0
2245,9,0
2246,5,0
2247,10,0
2248,7,0
2249,7,0
2250,4,0
2251,7,0
2252,4,0
2253,4,0
2254,6,0
2255,3,0
2256,5,0
2257,8,0
2258,2,0
2259,4,0
2260,3,0
2261,14,0
2262,4,0
2263,8,0
2264,5,0
2265,9,0
2266,5,0
2267,7,0
2268,5,0
2269,6,0
2270,8,0
2271,6,0
2272,3,0
2273,6,0
2274,7,0
2275,6,0
2276,10,0
2277,5,0
2278,6,0
2279,5,0
2280,8,0
2281,6,0
2282,4,0
2283,11,0
2284,4,0
2285,11,0
2286,4,0
2287,7,0
2288,3,0
2289,9,0
2290,8,0
2291,12,0
2292,6,0
2293,6,0
2294,7,0
2295,10,0
2296,7,0
2297,6,0
2298,4,0
2299,3,0
2300,8,0
2301,8,0
2302,10,0
2303,7,0
2304,6,0
2305,6,0
2306,4,0
2307,4,0
2308,8,0
2309,6,0
2310,5,0
2311,9,0
2312,7,0
2313,13,0
2314,6,0
2315,7,0
2316,12,0
2317,5,0
2318,6,0
2319,5,0
2320,3,0
2321,2,0
2322,6,0
2323,6,0
2324,6,0
2325,6,0
2326,8,0
2327,3,0
2328,12,0
2329,4,0
2330,7,0
2331,8,0
2332,6,0
2333,5,0
2334,4,0
2335,5,0
2336,4,0
2337,6,0
2338,7,0
2339,12,0
2340,5,0
2341,4,0
2342,6,0
2343,6,0
2344,9,0
2345,9,0
2346,5,0
2347,7,0
2348,5,0
2349,3,0
2350,10,0
2351,7,0
2352,7,0
2353,7,0
2354,7,0
2355,9,0
2356,7,0
2357,6,0
2358,8,0
2359,3,0
2360,5,0
2361,6,0
2362,4,0
2363,6,0
2364,5,0
2365,5,0
2366,6,0
2367,4,0
2368,10,0
2369,4,0
2370,5,0
2371,5,0
2372,4,0
2373,10,0
2374,6,0
2375,5,0
2376,9,0
2377,5,0
2378,10,0
2379,4,0
2380,5,0
2381,4,0
2382,5,0
2383,9,0
2384,7,0
2385,11,0
2386,6,0
2387,5,0
2388,6,0
2389,6,0
2390,8,0
2391,5,0
2392,7,0
2393,7,0
2394,6,0
2395,11,0
2396,8,0
2397,3,0
2398,8,0
2399,10,0
2400,6,0
2401,11,0
2402,12,0
2403,6,0
2404,9,0
2405,11,0
2406,10,0
2407,6,0
2408,7,0
2409,11,0
2410,6,0
2411,7,0
2412,14,0
2413,9,0
2414,6,0
2415,10,0
2416,4,0
2417,12,0
2418,7,0
2419,11,0
2420,7,0
2421,10,0
2422,6,0
2423,8,0
2424,8,0
2425,12,0
2426,8,0
2427,8,0
2428,13,0
2429,8,0
2430,10,0
2431,12,0
2432,9,0
2433,9,0
2434,7,0
2435,5,0
2436,15,0
2437,9,0
2438,9,0
2439,7,0
2440,10,0
2441,8,0
2442,7,0
2443,7,0
2444,6,0
2445,7,0
2446,8,0
2447,9,0
2448,9,0
2449,10,0
2450,8,0
2451,10,0
2452,12,0
2453,9,0
2454,8,0
2455,9,0
2456,9,0
2457,10,0
2458,9,0
2459,11,0
2460,8,0
2461,5,0
2462,10,0
2463,9,0
2464,5,0
2465,12,0
2466,10,0
2467,10,0
2468,8,0
2469,10,0
2470,7,0
2471,9,0
2472,11,0
2473,5,0
2474,7,0
2475,11,0
2476,7,0
2477,9,0
2478,11,0
2479,7,0
2480,9,0
2481,6,0
2482,10,0
2483,7,0
2484,10,0
2485,8,0
2486,8,0
2487,7,0
2488,5,0
2489,13,0
2490,8,0
2491,10,0
2492,6,0
2493,4,0
2494,11,0
2495,9,0
2496,12,0
2497,8,0
2498,9,0
2499,6,0
2500,7,0
2501,8,0
2502,9,0
2503,7,0
2504,11,0
2505,8,0
2506,7,0
2507,7,0
2508,8,0
2509,9,0
2510,8,0
2511,8,0
2512,12,0
2513,13,0
2514,9,0
2515,10,0
2516,13,0
2517,7,0
2518,9,0
2519,14,0
2520,7,0
2521,11,0
2522,7,0
2523,7,0
2524,8,0
2525,8,0
2526,8,0
2527,7,0
2528,9,0
2529,13,0
2530,3,0
2531,7,0
2532,8,0
2533,9,0
2534,10,0
2535,6,0
2536,11,0
2537,8,0
2538,7,0
2539,9,0
2540,7,0
2541,8,0
2542,4,0
2543,5,0
2544,9,0
2545,7,0
2546,7,0
2547,8,0
2548,11,0
2549,10,0
2550,7,0
2551,6,0
2552,8,0
2553,5,0
2554,10,0
2555,9,0
2556,10,0
2557,3,0
2558,10,0
2559,5,0
2560,11,0
2561,7,0
2562,7,0
2563,8,0
2564,5,0
2565,7,0
2566,9,0
2567,4,0
2568,6,0
2569,6,0
2570,11,0
2571,6,0
2572,10,0
2573,4,0
2574,9,0
2575,8,0
2576,8,0
2577,6,0
2578,9,0
2579,6,0
2580,11,0
2581,9,0
2582,8,0
2583,8,0
2584,8,0
2585,8,0
2586,9,0
2587,7,0
2588,5,0
2589,7,0
2590,6,0
2591,7,0
2592,7,0
2593,7,0
2594,9,0
2595,8,0
2596,8,0
2597,7,0
2598,6,0
2599,10,0
2600,5,0
2601,7,0
2602,3,0
2603,9,0
2604,5,0
2605,2,0
2606,5,0
2607,1,0
2608,6,0
2609,7,0
2610,7,0
2611,3,0
2612,6,0
2613,6,0
2614,4,0
2615,8,0
2616,4,0
2617,10,0
2618,4,0
2619,10,0
2620,6,0
2621,6,0
2622,5,0
2623,10,0
2624,7,0
2625,8,0
2626,4,0
2627,7,0
2628,6,0
2629,8,0
2630,9,0
2631,12,0
2632,9,0
2633,4,0
2634,6,0
2635,4,0
2636,8,0
2637,8,0
2638,9,0
2639,4,0
2640,5,0
2641,6,0
2642,7,0
2643,5,0
2644,3,0
2645,4,0
2646,6,0
2647,9,0
2648,12,0
2649,9,0
2650,5,0
2651,8,0
2652,12,0
2653,6,0
2654,11,0
2655,6,0
2656,12,0
2657,6,0
2658,4,0
2659,9,0
2660,6,0
2661,5,0
2662,7,0
2663,6,0
2664,8,0
2665,3,0
2666,5,0
2667,8,0
2668,10,0
2669,9,0
2670,7,0
2671,7,0
2672,4,0
2673,6,0
2674,6,0
2675,7,0
2676,9,0
2677,6,0
2678,4,0
2679,7,0
2680,7,0
2681,6,0
2682,6,0
2683,4,0
2684,6,0
2685,6,0
2686,8,0
2687,8,0
2688,5,0
2689,5,0
2690,3,0
2691,5,0
2692,10,0
2693,6,0
2694,6,0
2695,6,0
2696,4,0
2697,1,0
2698,2,0
2699,6,0
2700,6,0
2701,8,0
2702,5,0
2703,4,0
2704,12,0
2705,6,0
2706,10,0
2707,4,0
2708,7,0
2709,6,0
2710,6,0
2711,5,0
2712,5,0
2713,6,0
2714,8,0
2715,7,0
2716,5,0
2717,5,0
2718,17,0
2719,5,0
2720,6,0
2721,8,0
2722,4,0
2723,7,0
2724,8,0
2725,9,0
2726,9,0
2727,13,0
2728,10,0
2729,11,0
2730,10,0
2731,10,0
2732,4,0
2733,7,0
2734,9,0
2735,15,0
2736,8,0
2737,6,0
2738,4,0
2739,6,0
2740,5,0
2741,3,0
2742,5,0
2743,5,0
2744,5,0
2745,4,0
2746,11,0
2747,6,0
2748,9,0
2749,9,0
2750,5,0
2751,9,0
2752,4,0
2753,7,0
2754,5,0
2755,7,0
2756,6,0
2757,10,0
2758,5,0
2759,6,0
2760,7,0
2761,8,0
2762,8,0
2763,9,0
2764,6,0
2765,5,0
2766,8,0
2767,8,0
2768,5,0
2769,5,0
2770,5,0
2771,8,0
2772,3,0
2773,3,0
2774,2,0
2775,8,0
2776,9,0
2777,5,0
2778,3,0
2779,6,0
2780,8,0
2781,3,0
2782,6,0
2783,4,0
2784,8,0
2785,6,0
2786,7,0
2787,6,0
2788,11,0
2789,5,0
2790,7,0
2791,6,0
2792,7,0
2793,4,0
2794,6,0
2795,4,0
2796,10,0
2797,5,0
2798,5,0
2799,4,0
2800,6,0
2801,5,0
2802,6,0
2803,11,0
2804,7,0
2805,8,0
2806,6,0
2807,4,0
2808,3,0
2809,8,0
2810,3,0
2811,3,0
2812,5,0
2813,3,0
2814,6,0
2815,2,0
2816,6,0
2817,10,0
2818,8,0
2819,7,0
2820,14,0
2821,12,0
2822,7,0
2823,8,0
2824,5,0
2825,3,0
2826,9,0
2827,5,0
2828,8,0
2829,4,0
2830,5,0
2831,4,0
2832,7,0
2833,2,0
2834,3,0
2835,8,0
2836,5,0
2837,9,0
2838,3,0
2839,2,0
2840,4,0
2841,6,0
2842,4,0
2843,3,0
2844,3,0
2845,11,0
2846,3,0
2847,5,0
2848,3,0
2849,8,0
2850,6,0
2851,6,0
2852,6,0
2853,8,0
2854,7,0
2855,1,0
2856,12,0
2857,5,0
2858,4,0
2859,4,0
2860,4,0
2861,4,0
2862,5,0
2863,4,0
2864,4,0
2865,4,0
2866,6,0
2867,12,0
2868,3,0
2869,2,0
2870,8,0
2871,9,0
2872,8,0
2873,4,0
2874,6,0
2875,11,0
2876,5,0
2877,7,0
2878,9,0
2879,2,0
2880,5,0
2881,5,0
2882,7,0
2883,4,0
2884,8,0
2885,9,0
2886,5,0
2887,3,0
2888,4,0
2889,8,0
2890,11,0
2891,3,0
2892,3,0
2893,6,0
2894,3,0
2895,8,0
2896,6,0
2897,3,0
2898,3,0
2899,3,0
2900,9,0
2901,9,0
2902,6,0
2903,5,0
2904,6,0
2905,8,0
2906,9,0
2907,9,0
2908,7,0
2909,6,0
2910,7,0
2911,4,0
2912,8,0
2913,5,0
2914,8,0
2915,5,0
2916,5,0
2917,6,0
2918,3,0
2919,5,0
2920,4,0
2921,7,0
2922,5,0
2923,2,0
2924,8,0
2925,4,0
2926,4,0
2927,5,0
2928,4,0
2929,7,0
2930,13,0
2931,8,0
2932,8,0
2933,6,0
2934,5,0
2935,7,0
2936,7,0
2937,4,0
2938,9,0
2939,11,0
2940,9,0
2941,8,0
2942,10,0
2943,6,0
2944,11,0
2945,5,0
2946,6,0
2947,3,0
2948,9,0
2949,4,0
2950,7,0
2951,5,0
2952,5,0
2953,10,0
2954,3,0
2955,8,0
2956,4,0
2957,5,0
2958,8,0
2959,5,0
2960,6,0
2961,9,0
2962,6,0
2963,3,0
2964,4,0
2965,9,0
2966,3,0
2967,5,0
2968,3,0
2969,4,0
2970,8,0
2971,11,0
2972,2,0
2973,8,0
2974,7,0
2975,4,0
2976,9,0
2977,3,0
2978,7,0
2979,3,0
2980,7,0
2981,6,0
2982,9,0
2983,9,0
2984,3,0
2985,8,0
2986,2,0
2987,7,0
2988,4,0
2989,8,0
2990,11,0
2991,3,0
2992,3,0
2993,5,0
2994,3,0
2995,6,0
2996,4,0
2997,6,0
2998,7,0
2999,3,0
3000,11,0
3001,5,0
3002,9,0
3003,11,0
3004,5,0
3005,6,0
3006,6,0
3007,8,0
3008,11,0
3009,3,0
3010,6,0
3011,4,0
3012,10,0
3013,7,0
3014,9,0
3015,7,0
3016,7,0
3017,11,0
3018,7,0
3019,8,0
3020,11,0
3021,4,0
3022,5,0
3023,9,0
3024,6,0
3025,13,0
3026,12,0
3027,7,0
3028,3,0
3029,8,0
3030,8,0
3031,13,0
3032,9,0
3033,7,0
3034,12,0
3035,11,0
3036,8,0
3037,8,0
3038,9,0
3039,8,0
3040,3,0
3041,8,0
3042,6,0
3043,9,0
3044,8,0
3045,14,0
3046,7,0
3047,8,0
3048,8,0
3049,8,0
3050,9,0
3051,10,0
3052,10,0
3053,9,0
3054,9,0
3055,10,0
3056,12,0
3057,11,0
3058,7,0
3059,6,0
3060,11,0
3061,9,0
3062,7,0
3063,7,0
3064,7,0
3065,12,0
3066,10,0
3067,5,0
3068,8,0
3069,10,0
3070,7,0
3071,9,0
3072,12,0
3073,5,0
3074,9,0
3075,8,0
3076,8,0
3077,3,0
3078,7,0
3079,8,0
3080,12,0
3081,9,0
3082,9,0
3083,10,0
3084,7,0
3085,6,0
3086,8,0
3087,10,0
3088,4,0
3089,9,0
3090,3,0
3091,7,0
3092,9,0
3093,6,0
3094,9,0
3095,10,0
3096,10,0
3097,15,0
3098,8,0
3099,5,0
3100,7,0
3101,7,0
3102,6,0
3103,11,0
3104,10,0
3105,13,0
3106,10,0
3107,12,0
3108,4,0
3109,8,0
3110,7,0
3111,8,0
3112,13,0
3113,10,0
3114,8,0
3115,6,0
3116,7,0
3117,7,0
3118,14,0
3119,7,0
3120,11,0
3121,9,0
3122,9,0
3123,7,0
3124,11,0
3125,8,0
3126,8,0
3127,7,0
3128,8,0
3129,9,0
3130,10,0
3131,8,0
3132,11,0
3133,9,0
3134,13,0
3135,7,0
3136,6,0
3137,12,0
3138,12,0
3139,11,0
3140,9,0
3141,8,0
3142,6,0
3143,12,0
3144,13,0
3145,5,0
3146,9,0
3147,10,0
3148,9,0
3149,12,0
3150,10,0
3151,8,0
3152,8,0
3153,9,0
3154,11,0
3155,9,0
3156,12,0
3157,6,0
3158,11,0
3159,15,0
3160,9,0
3161,10,0
3162,13,0
3163,9,0
3164,9,0
3165,12,0
3166,8,0
3167,10,0
3168,11,0
3169,5,0
3170,9,0
3171,8,0
3172,11,0
3173,11,0
3174,9,0
3175,4,0
3176,12,0
3177,13,0
3178,10,0
3179,8,0
3180,7,0
3181,10,0
3182,11,0
3183,7,0
3184,14,0
3185,10,0
3186,6,0
3187,4,0
3188,9,0
3189,7,0
3190,7,0
3191,9,0
3192,10,0
3193,11,0
3194,11,0
3195,6,0
3196,7,0
3197,9,0
3198,12,0
3199,8,0
3200,5,0
3201,8,0
3202,7,0
3203,6,0
3204,4,0
3205,6,0
3206,5,0
3207,5,0
3208,10,0
3209,8,0
3210,5,0
3211,6,0
3212,10,0
3213,7,0
3214,7,0
3215,6,0
3216,9,0
3217,3,0
3218,3,0
3219,6,0
3220,4,0
3221,7,0
3222,7,0
3223,7,0
3224,8,0
3225,6,0
3226,4,0
3227,2,0
3228,6,0
3229,8,0
3230,7,0
3231,2,0
3232,5,0
3233,6,0
3234,8,0
3235,8,0
3236,7,0
3237,8,0
3238,6,0
3239,5,0
3240,7,0
3241,6,0
3242,6,0
3243,9,0
3244,8,0
3245,6,0
3246,9,0
3247,9,0
3248,8,0
3249,3,0
3250,5,0
3251,4,0
3252,5,0
3253,4,0
3254,6,0
3255,10,0
3256,8,0
3257,3,0
3258,11,0
3259,4,0
3260,7,0
3261,9,0
3262,5,0
3263,11,0
3264,5,0
3265,4,0
3266,5,0
3267,5,0
3268,7,0
3269,4,0
3270,8,0
3271,9,0
3272,5,0
3273,5,0
3274,6,0
3275,5,0
3276,7,0
3277,5,0
3278,8,0
3279,9,0
3280,6,0
3281,8,0
3282,3,0
3283,4,0
3284,6,0
3285,8,0
3286,6,0
3287,5,0
3288,6,0
3289,6,0
3290,5,0
3291,10,0
3292,8,0
3293,7,0
3294,9,0
3295,12,0
3296,8,0
3297,11,0
3298,7,0
3299,6,0
3300,10,0
3301,9,0
3302,13,0
3303,5,0
3304,7,0
3305,11,0
3306,9,0
3307,6,0
3308,8,0
3309,6,0
3310,8,0
3311,6,0
3312,5,0
3313,6,0
3314,6,0
3315,8,0
3316,8,0
3317,4,0
3318,8,0
3319,8,0
3320,7,0
3321,8,0
3322,8,0
3323,5,0
3324,4,0
3325,8,0
3326,8,0
3327,3,0
3328,6,0
3329,8,0
3330,7,0
3331,7,0
3332,9,0
3333,5,0
3334,10,0
3335,7,0
3336,8,0
3337,6,0
3338,6,0
3339,3,0
3340,8,0
3341,5,0
3342,8,0
3343,6,0
3344,6,0
3345,7,0
3346,10,0
3347,6,0
3348,5,0
3349,4,0
3350,7,0
3351,8,0
3352,8,0
3353,4,0
3354,8,0
3355,4,0
3356,6,0
3357,5,0
3358,9,0
3359,11,0
3360,4,0
3361,5,0
3362,4,0
3363,7,0
3364,6,0
3365,7,0
3366,4,0
3367,7,0
3368,6,0
3369,6,0
3370,5,0
3371,4,0
3372,5,0
3373,6,0
3374,5,0
3375,8,0
3376,6,0
3377,4,0
3378,7,0
3379,5,0
3380,6,0
3381,11,0
3382,3,0
3383,9,0
3384,5,0
3385,9,0
3386,8,0
3387,5,0
3388,5,0
3389,9,0
3390,7,0
3391,6,0
3392,6,0
3393,3,0
3394,5,0
3395,10,0
3396,5,0
3397,8,0
3398,6,0
3399,5,0
3400,2,0
3401,5,0
3402,4,0
3403,4,0
3404,4,0
3405,3,0
3406,1,0
3407,6,0
3408,10,0
3409,4,0
3410,3,0
3411,6,0
3412,7,0
3413,3,0
3414,4,0
3415,7,0
3416,8,0
3417,11,0
3418,5,0
3419,11,0
3420,3,0
3421,1,0
3422,7,0
3423,8,0
3424,7,0
3425,7,0
3426,8,0
3427,6,0
3428,2,0
3429,4,0
3430,5,0
3431,2,0
3432,1,0
3433,2,0
3434,5,0
3435,1,0
3436,6,0
3437,6,0
3438,1,0
3439,5,0
3440,4,0
3441,3,0
3442,5,0
3443,5,0
3444,7,0
3445,5,0
3446,2,0
3447,3,0
3448,7,0
3449,4,0
3450,8,0
3451,5,0
3452,3,0
3453,4,0
3454,8,0
3455,6,0
3456,5,0
3457,8,0
3458,4,0
3459,1,0
3460,4,0
3461,6,0
3462,7,0
3463,4,0
3464,1,0
3465,3,0
3466,4,0
3467,9,0
3468,2,0
3469,4,0
3470,2,0
3471,4,0
3472,2,0
3473,11,0
3474,5,0
3475,4,0
3476,8,0
3477,7,0
3478,13,0
3479,6,0
3480,7,0
3481,8,0
3482,2,0
3483,4,0
3484,7,0
3485,2,0
3486,3,0
3487,5,0
3488,4,0
3489,12,0
3490,7,0
3491,4,0
3492,3,0
3493,5,0
3494,6,0
3495,6,0
3496,6,0
3497,5,0
3498,4,0
3499,2,0
3500,1,0
3501,6,0
3502,7,0
3503,4,0
3504,1,0
3505,5,0
3506,4,0
3507,1,0
3508,5,0
3509,6,0
3510,8,0
3511,7,0
3512,8,0
3513,4,0
3514,3,0
3515,6,0
3516,6,0
3517,2,0
3518,7,0
3519,4,0
3520,5,0
3521,3,0
3522,2,0
3523,6,0
3524,3,0
3525,1,0
3526,2,0
3527,2,0
3528,3,0
3529,4,0
3530,4,0
3531,6,0
3532,8,0
3533,6,0
3534,4,0
3535,7,0
3536,8,0
3537,5,0
3538,7,0
3539,8,0
3540,1,0
3541,6,0
3542,3,0
3543,2,0
3544,6,0
3545,5,0
3546,8,0
3547,4,0
3548,3,0
3549,3,0
3550,7,0
3551,5,0
3552,3,0
3553,1,0
3554,6,0
3555,5,0
3556,6,0
3557,6,0
3558,10,0
3559,6,0
3560,7,0
3561,7,0
3562,8,0
3563,1,0
3564,1,0
3565,5,0
3566,2,0
3567,11,0
3568,4,0
3569,6,0
3570,3,0
3571,9,0
3572,13,0
3573,1,0
3574,4,0
3575,1,0
3576,1,0
3577,4,0
3578,7,0
3579,1,0
3580,1,0
3581,2,0
3582,1,0
3583,1,0
3584,4,0
3585,1,0
3586,12,0
3587,1,0
3588,5,0
3589,8,0
3590,6,0
3591,2,0
3592,3,0
3593,9,0
3594,1,0
3595,1,0
3596,1,0
3597,5,0
3598,6,0
3599,9,0
3600,7,0
3601,7,0
3602,6,0
3603,9,0
3604,6,0
3605,6,0
3606,6,0
3607,5,0
3608,8,0
3609,6,0
3610,7,0
3611,7,0
3612,6,0
3613,10,0
3614,7,0
3615,9,0
3616,9,0
3617,8,0
3618,8,0
3619,4,0
3620,9,0
3621,7,0
3622,6,0
3623,7,0
3624,8,0
3625,3,0
3626,8,0
3627,6,0
3628,6,0
3629,3,0
3630,5,0
3631,8,0
3632,10,0
3633,7,0
3634,6,0
3635,7,0
3636,3,0
3637,6,0
3638,6,0
3639,9,0
3640,13,0
3641,7,0
3642,10,0
3643,5,0
3644,6,0
3645,12,0
3646,9,0
3647,13,0
3648,4,0
3649,3,0
3650,6,0
3651,5,0
3652,9,0
3653,4,0
3654,9,0
3655,6,0
3656,6,0
3657,8,0
3658,9,0
3659,8,0
3660,7,0
3661,8,0
3662,7,0
3663,6,0
3664,10,0
3665,7,0
3666,10,0
3667,7,0
3668,5,0
3669,6,0
3670,7,0
3671,6,0
3672,10,0
3673,5,0
3674,10,0
3675,6,0
3676,6,0
3677,7,0
3678,9,0
3679,7,0
3680,7,0
3681,8,0
3682,9,0
3683,10,0
3684,8,0
3685,10,0
3686,8,0
3687,4,0
3688,6,0
3689,5,0
3690,9,0
3691,3,0
3692,9,0
3693,6,0
3694,6,0
3695,9,0
3696,8,0
3697,6,0
3698,7,0
3699,8,0
3700,9,0
3701,8,0
3702,6,0
3703,5,0
3704,7,0
3705,6,0
3706,9,0
3707,9,0
3708,9,0
3709,6,0
3710,12,0
3711,7,0
3712,4,0
3713,9,0
3714,4,0
3715,7,0
3716,7,0
3717,8,0
3718,10,0
3719,6,0
3720,6,0
3721,10,0
3722,10,0
3723,7,0
3724,3,0
3725,7,0
3726,7,0
3727,8,0
3728,5,0
3729,7,0
3730,5,0
3731,4,0
3732,6,0
3733,7,0
3734,10,0
3735,6,0
3736,9,0
3737,4,0
3738,4,0
3739,7,0
3740,4,0
3741,9,0
3742,5,0
3743,10,0
3744,10,0
3745,7,0
3746,4,0
3747,11,0
3748,8,0
3749,10,0
3750,6,0
3751,6,0
3752,6,0
3753,8,0
3754,7,0
3755,7,0
3756,3,0
3757,7,0
3758,7,0
3759,4,0
3760,7,0
3761,5,0
3762,9,0
3763,10,0
3764,6,0
3765,7,0
3766,7,0
3767,2,0
3768,9,0
3769,8,0
3770,9,0
3771,11,0
3772,7,0
3773,10,0
3774,8,0
3775,3,0
3776,8,0
3777,9,0
3778,10,0
3779,7,0
3780,8,0
3781,2,0
3782,11,0
3783,11,0
3784,7,0
3785,7,0
3786,7,0
3787,10,0
3788,5,0
3789,8,0
3790,6,0
3791,5,0
3792,5,0
3793,2,0
3794,5,0
3795,7,0
3796,5,0
3797,9,0
3798,6,0
3799,8,0
3800,3,0
3801,6,0
3802,6,0
3803,5,0
3804,10,0
3805,5,0
3806,7,0
3807,11,0
3808,8,0
3809,6,0
3810,6,0
3811,9,0
3812,3,0
3813,11,0
3814,6,0
3815,5,0
3816,7,0
3817,5,0
3818,7,0
3819,8,0
3820,4,0
3821,7,0
3822,10,0
3823,10,0
3824,5,0
3825,3,0
3826,10,0
3827,6,0
3828,7,0
3829,11,0
3830,9,0
3831,5,0
3832,5,0
3833,8,0
3834,5,0
3835,8,0
3836,7,0
3837,7,0
3838,10,0
3839,6,0
3840,7,0
3841,5,0
3842,9,0
3843,4,0
3844,9,0
3845,4,0
3846,8,0
3847,9,0
3848,12,0
3849,6,0
3850,3,0
3851,8,0
3852,9,0
3853,7,0
3854,6,0
3855,7,0
3856,6,0
3857,5,0
3858,10,0
3859,2,0
3860,7,0
3861,7,0
3862,7,0
3863,5,0
3864,7,0
3865,9,0
3866,9,0
3867,3,0
3868,4,0
3869,7,0
3870,10,0
3871,11,0
3872,12,0
3873,7,0
3874,9,0
3875,7,0
3876,5,0
3877,7,0
3878,2,0
3879,6,0
3880,7,0
3881,13,0
3882,7,0
3883,7,0
3884,3,0
3885,6,0
3886,5,0
3887,5,0
3888,7,0
3889,5,0
3890,3,0
3891,8,0
3892,8,0
3893,7,0
3894,8,0
3895,7,0
3896,10,0
3897,7,0
3898,9,0
3899,8,0
3900,5,0
3901,5,0
3902,7,0
3903,7,0
3904,3,0
3905,4,0
3906,4,0
3907,6,0
3908,6,0
3909,6,0
3910,6,0
3911,9,0
3912,9,0
3913,10,0
3914,9,0
3915,10,0
3916,7,0
3917,19,0
3918,11,0
3919,5,0
3920,5,0
3921,8,0
3922,6,0
3923,10,0
3924,8,0
3925,11,0
3926,4,0
3927,8,0
3928,8,0
3929,8,0
3930,4,0
3931,18,0
3932,6,0
3933,11,0
3934,4,0
3935,10,0
3936,12,0
3937,12,0
3938,7,0
3939,10,0
3940,5,0
3941,5,0
3942,6,0
3943,6,0
3944,12,0
3945,7,0
3946,10,0
3947,5,0
3948,8,0
3949,4,0
3950,3,0
3951,6,0
3952,9,0
3953,10,0
3954,4,0
3955,7,0
3956,9,0
3957,8,0
3958,5,0
3959,7,0
3960,5,0
3961,9,0
3962,8,0
3963,6,0
3964,5,0
3965,5,0
3966,8,0
3967,6,0
3968,9,0
3969,8,0
3970,9,0
3971,7,0
3972,7,0
3973,7,0
3974,5,0
3975,4,0
3976,2,0
3977,9,0
3978,4,0
3979,10,0
3980,6,0
3981,7,0
3982,6,0
3983,6,0
3984,12,0
3985,7,0
3986,8,0
3987,7,0
3988,3,0
3989,6,0
3990,3,0
3991,10,0
3992,11,0
3993,5,0
3994,12,0
3995,7,0
3996,5,0
3997,7,0
3998,5,0
3999,6,0
