id,good,bad
0,5,0
1,6,0
2,6,0
3,8,0
4,1,0
5,3,0
6,2,0
7,8,0
8,6,0
9,6,0
10,8,0
11,10,0
12,9,0
13,4,0
14,4,0
15,3,0
16,3,0
17,4,0
18,5,0
19,6,0
20,5,0
21,5,0
22,6,0
23,8,0
24,6,0
25,6,0
26,5,0
27,8,0
28,4,0
29,7,0
30,9,0
31,6,0
32,4,0
33,6,0
34,5,0
35,11,0
36,6,0
37,8,0
38,5,0
39,7,0
40,5,0
41,3,0
42,4,0
43,8,0
44,6,0
45,4,0
46,4,0
47,7,0
48,5,0
49,7,0
50,5,0
51,6,0
52,5,0
53,3,0
54,6,0
55,5,0
56,4,0
57,6,0
58,6,0
59,4,0
60,5,0
61,7,0
62,4,0
63,2,0
64,10,0
65,6,0
66,7,0
67,6,0
68,3,0
69,5,0
70,4,0
71,4,0
72,5,0
73,0,0
74,6,0
75,9,0
76,2,0
77,1,0
78,6,0
79,6,0
80,6,0
81,8,0
82,7,0
83,5,0
84,5,0
85,4,0
86,7,0
87,5,0
88,2,0
89,6,0
90,5,0
91,6,0
92,12,0
93,5,0
94,5,0
95,5,0
96,1,0
97,5,0
98,4,0
99,0,0
100,5,0
101,6,0
102,5,0
103,6,0
104,5,0
105,6,0
106,6,0
107,9,0
108,5,0
109,9,0
110,7,0
111,5,0
112,6,0
113,5,0
114,1,0
115,7,0
116,2,0
117,1,0
118,6,0
119,4,0
120,7,0
121,8,0
122,4,0
123,9,0
124,5,0
125,5,0
126,5,0
127,7,0
128,5,0
129,5,0
130,6,0
131,4,0
132,11,0
133,8,0
134,4,0
135,3,0
136,4,0
137,7,0
138,9,0
139,5,0
140,4,0
141,4,0
142,3,0
143,5,0
144,6,0
145,5,0
146,4,0
147,4,0
148,3,0
149,5,0
150,5,0
151,7,0
152,5,0
153,8,0
154,8,0
155,6,0
156,3,0
157,3,0
158,7,0
159,6,0
160,4,0
161,6,0
162,4,0
163,5,0
164,4,0
165,4,0
166,5,0
167,11,0
168,3,0
169,6,0
170,4,0
171,5,0
172,5,0
173,6,0
174,3,0
175,7,0
176,7,0
177,6,0
178,6,0
179,6,0
180,5,0
181,7,0
182,5,0
183,6,0
184,7,0
185,4,0
186,6,0
187,2,0
188,4,0
189,3,0
190,5,0
191,6,0
192,4,0
193,4,0
194,5,0
195,3,0
196,6,0
197,3,0
198,5,0
199,8,0
200,4,0
201,5,0
202,3,0
203,7,0
204,9,0
205,10,0
206,5,0
207,3,0
208,7,0
209,7,0
210,8,0
211,3,0
212,2,0
213,4,0
214,5,0
215,5,0
216,6,0
217,5,0
218,3,0
219,4,0
220,3,0
221,3,0
222,5,0
223,1,0
224,4,0
225,5,0
226,5,0
227,10,0
228,2,0
229,5,0
230,4,0
231,4,0
232,6,0
233,6,0
234,4,0
235,5,0
236,5,0
237,7,0
238,5,0
239,4,0
240,10,0
241,5,0
242,5,0
243,5,0
244,5,0
245,4,0
246,6,0
247,7,0
248,4,0
249,3,0
250,0,0
251,5,0
252,11,0
253,3,0
254,2,0
255,5,0
256,4,0
257,13,0
258,2,0
259,9,0
260,7,0
261,6,0
262,5,0
263,8,0
264,6,0
265,5,0
266,8,0
267,3,0
268,13,0
269,4,0
270,7,0
271,10,0
272,6,0
273,5,0
274,6,0
275,5,0
276,7,0
277,9,0
278,4,0
279,8,0
280,5,0
281,11,0
282,7,0
283,9,0
284,12,0
285,5,0
286,5,0
287,6,0
288,5,0
289,7,0
290,3,0
291,6,0
292,9,0
293,9,0
294,9,0
295,8,0
296,10,0
297,5,0
298,6,0
299,11,0
300,4,0
301,6,0
302,5,0
303,5,0
304,3,0
305,3,0
306,5,0
307,3,0
308,5,0
309,6,0
310,1,0
311,6,0
312,8,0
313,3,0
314,5,0
315,6,0
316,5,0
317,4,0
318,2,0
319,6,0
320,6,0
321,9,0
322,9,0
323,6,0
324,7,0
325,4,0
326,6,0
327,4,0
328,6,0
329,5,0
330,8,0
331,6,0
332,7,0
333,10,0
334,6,0
335,6,0
336,7,0
337,8,0
338,13,0
339,9,0
340,8,0
341,5,0
342,6,0
343,7,0
344,3,0
345,6,0
346,5,0
347,1,0
348,5,0
349,3,0
350,5,0
351,6,0
352,6,0
353,7,0
354,3,0
355,3,0
356,14,0
357,5,0
358,10,0
359,6,0
360,5,0
361,3,0
362,4,0
363,6,0
364,6,0
365,4,0
366,6,0
367,5,0
368,6,0
369,4,0
370,3,0
371,8,0
372,7,0
373,4,0
374,4,0
375,5,0
376,7,0
377,6,0
378,4,0
379,1,0
380,8,0
381,5,0
382,5,0
383,4,0
384,7,0
385,9,0
386,7,0
387,4,0
388,6,0
389,5,0
390,5,0
391,3,0
392,0,0
393,7,0
394,8,0
395,7,0
396,7,0
397,5,0
398,3,0
399,7,0
400,0,0
401,7,0
402,4,0
403,8,0
404,11,0
405,7,0
406,10,0
407,8,0
408,5,0
409,8,0
410,4,0
411,5,0
412,8,0
413,2,0
414,0,0
415,1,0
416,5,0
417,7,0
418,8,0
419,5,0
420,7,0
421,9,0
422,9,0
423,9,0
424,13,0
425,13,0
426,5,0
427,9,0
428,6,0
429,12,0
430,4,0
431,13,0
432,8,0
433,8,0
434,3,0
435,5,0
436,6,0
437,4,0
438,7,0
439,9,0
440,4,0
441,6,0
442,3,0
443,5,0
444,7,0
445,8,0
446,5,0
447,6,0
448,10,0
449,8,0
450,1,0
451,6,0
452,5,0
453,7,0
454,10,0
455,10,0
456,5,0
457,8,0
458,4,0
459,8,0
460,5,0
461,8,0
462,7,0
463,3,0
464,11,0
465,1,0
466,5,0
467,6,0
468,0,0
469,5,0
470,1,0
471,7,0
472,4,0
473,3,0
474,10,0
475,7,0
476,6,0
477,6,0
478,5,0
479,9,0
480,8,0
481,4,0
482,8,0
483,11,0
484,5,0
485,3,0
486,3,0
487,2,0
488,4,0
489,6,0
490,7,0
491,9,0
492,8,0
493,7,0
494,11,0
495,12,0
496,4,0
497,0,0
498,8,0
499,4,0
500,6,0
501,6,0
502,9,0
503,4,0
504,4,0
505,4,0
506,7,0
507,7,0
508,7,0
509,3,0
510,2,0
511,10,0
512,4,0
513,12,0
514,8,0
515,5,0
516,5,0
517,13,0
518,2,0
519,6,0
520,2,0
521,0,0
522,14,0
523,7,0
524,8,0
525,3,0
526,5,0
527,2,0
528,4,0
529,2,0
530,4,0
531,2,0
532,4,0
533,2,0
534,7,0
535,7,0
536,5,0
537,5,0
538,12,0
539,11,0
540,1,0
541,6,0
542,9,0
543,4,0
544,1,0
545,1,0
546,6,0
547,5,0
548,5,0
549,11,0
550,3,0
551,5,0
552,8,0
553,2,0
554,7,0
555,7,0
556,9,0
557,5,0
558,4,0
559,6,0
560,4,0
561,5,0
562,5,0
563,1,0
564,3,0
565,6,0
566,4,0
567,3,0
568,9,0
569,6,0
570,3,0
571,0,0
572,10,0
573,4,0
574,7,0
575,4,0
576,5,0
577,5,0
578,6,0
579,10,0
580,3,0
581,7,0
582,5,0
583,2,0
584,9,0
585,4,0
586,10,0
587,8,0
588,3,0
589,5,0
590,3,0
591,6,0
592,2,0
593,5,0
594,4,0
595,5,0
596,5,0
597,5,0
598,4,0
599,3,0
600,6,0
601,1,0
602,0,0
603,4,0
604,10,0
605,8,0
606,6,0
607,9,0
608,1,0
609,2,0
610,0,0
611,9,0
612,2,0
613,6,0
614,9,0
615,5,0
616,4,0
617,6,0
618,7,0
619,8,0
620,7,0
621,5,0
622,12,0
623,1,0
624,3,0
625,6,0
626,5,0
627,4,0
628,6,0
629,3,0
630,7,0
631,4,0
632,7,0
633,10,0
634,9,0
635,4,0
636,8,0
637,9,0
638,7,0
639,7,0
640,5,0
641,3,0
642,11,0
643,10,0
644,5,0
645,3,0
646,6,0
647,6,0
648,9,0
649,10,0
650,1,0
651,4,0
652,6,0
653,8,0
654,9,0
655,9,0
656,3,0
657,1,0
658,5,0
659,9,0
660,12,0
661,1,0
662,4,0
663,9,0
664,7,0
665,2,0
666,7,0
667,11,0
668,9,0
669,10,0
670,5,0
671,1,0
672,4,0
673,2,0
674,9,0
675,8,0
676,7,0
677,9,0
678,3,0
679,5,0
680,5,0
681,3,0
682,5,0
683,5,0
684,3,0
685,3,0
686,6,0
687,5,0
688,11,0
689,6,0
690,8,0
691,8,0
692,3,0
693,6,0
694,10,0
695,9,0
696,8,0
697,6,0
698,8,0
699,6,0
700,1,0
701,3,0
702,7,0
703,2,0
704,7,0
705,7,0
706,5,0
707,8,0
708,5,0
709,6,0
710,5,0
711,10,0
712,4,0
713,9,0
714,8,0
715,5,0
716,12,0
717,6,0
718,6,0
719,3,0
720,5,0
721,5,0
722,8,0
723,3,0
724,5,0
725,14,0
726,6,0
727,6,0
728,2,0
729,9,0
730,12,0
731,5,0
732,4,0
733,8,0
734,3,0
735,5,0
736,10,0
737,6,0
738,4,0
739,1,0
740,10,0
741,8,0
742,9,0
743,5,0
744,11,0
745,9,0
746,5,0
747,8,0
748,6,0
749,0,0
750,4,0
751,9,0
752,10,0
753,4,0
754,5,0
755,3,0
756,5,0
757,5,0
758,5,0
759,6,0
760,10,0
761,11,0
762,8,0
763,5,0
764,4,0
765,8,0
766,2,0
767,9,0
768,4,0
769,4,0
770,7,0
771,7,0
772,6,0
773,9,0
774,7,0
775,7,0
776,9,0
777,8,0
778,6,0
779,1,0
780,12,0
781,1,0
782,8,0
783,10,0
784,9,0
785,1,0
786,4,0
787,6,0
788,9,0
789,5,0
790,8,0
791,18,0
792,9,0
793,10,0
794,10,0
795,8,0
796,0,0
797,7,0
798,5,0
799,7,0
800,3,0
801,3,0
802,8,0
803,4,0
804,4,0
805,3,0
806,5,0
807,1,0
808,5,0
809,6,0
810,6,0
811,2,0
812,3,0
813,5,0
814,0,0
815,8,0
816,5,0
817,4,0
818,5,0
819,7,0
820,6,0
821,5,0
822,2,0
823,8,0
824,4,0
825,7,0
826,5,0
827,2,0
828,2,0
829,6,0
830,6,0
831,7,0
832,5,0
833,10,0
834,5,0
835,5,0
836,7,0
837,5,0
838,5,0
839,4,0
840,2,0
841,3,0
842,5,0
843,7,0
844,6,0
845,5,0
846,3,0
847,6,0
848,8,0
849,7,0
850,7,0
851,6,0
852,5,0
853,7,0
854,4,0
855,5,0
856,5,0
857,6,0
858,4,0
859,7,0
860,4,0
861,6,0
862,7,0
863,10,0
864,5,0
865,3,0
866,2,0
867,7,0
868,6,0
869,7,0
870,5,0
871,6,0
872,4,0
873,10,0
874,4,0
875,3,0
876,6,0
877,2,0
878,7,0
879,5,0
880,2,0
881,6,0
882,10,0
883,6,0
884,8,0
885,2,0
886,8,0
887,7,0
888,9,0
889,8,0
890,11,0
891,6,0
892,3,0
893,3,0
894,9,0
895,12,0
896,6,0
897,1,0
898,9,0
899,13,0
900,7,0
901,7,0
902,8,0
903,7,0
904,5,0
905,5,0
906,8,0
907,7,0
908,5,0
909,3,0
910,4,0
911,4,0
912,5,0
913,5,0
914,5,0
915,0,0
916,8,0
917,6,0
918,7,0
919,7,0
920,6,0
921,6,0
922,8,0
923,5,0
924,7,0
925,6,0
926,4,0
927,4,0
928,2,0
929,7,0
930,2,0
931,3,0
932,5,0
933,11,0
934,9,0
935,6,0
936,8,0
937,7,0
938,4,0
939,9,0
940,5,0
941,7,0
942,5,0
943,6,0
944,7,0
945,4,0
946,6,0
947,6,0
948,5,0
949,4,0
950,5,0
951,7,0
952,6,0
953,6,0
954,8,0
955,8,0
956,8,0
957,7,0
958,6,0
959,7,0
960,5,0
961,5,0
962,4,0
963,6,0
964,6,0
965,5,0
966,7,0
967,0,0
968,5,0
969,6,0
970,9,0
971,8,0
972,7,0
973,3,0
974,3,0
975,8,0
976,2,0
977,4,0
978,4,0
979,8,0
980,5,0
981,7,0
982,6,0
983,6,0
984,6,0
985,7,0
986,6,0
987,6,0
988,5,0
989,6,0
990,8,0
991,2,0
992,4,0
993,6,0
994,5,0
995,6,0
996,4,0
997,4,0
998,5,0
999,6,0
1000,8,0
1001,4,0
1002,5,0
1003,2,0
1004,5,0
1005,4,0
1006,6,0
1007,6,0
1008,8,0
1009,2,0
1010,3,0
1011,7,0
1012,3,0
1013,6,0
1014,8,0
1015,5,0
1016,3,0
1017,5,0
1018,4,0
1019,4,0
1020,5,0
1021,4,0
1022,5,0
1023,5,0
1024,5,0
1025,4,0
1026,6,0
1027,5,0
1028,6,0
1029,3,0
1030,4,0
1031,5,0
1032,3,0
1033,7,0
1034,2,0
1035,6,0
1036,5,0
1037,7,0
1038,7,0
1039,9,0
1040,4,0
1041,4,0
1042,4,0
1043,5,0
1044,7,0
1045,7,0
1046,6,0
1047,7,0
1048,3,0
1049,6,0
1050,5,0
1051,5,0
1052,4,0
1053,8,0
1054,6,0
1055,6,0
1056,6,0
1057,2,0
1058,4,0
1059,6,0
1060,6,0
1061,6,0
1062,12,0
1063,6,0
1064,1,0
1065,7,0
1066,3,0
1067,5,0
1068,5,0
1069,7,0
1070,7,0
1071,7,0
1072,3,0
1073,2,0
1074,9,0
1075,6,0
1076,3,0
1077,2,0
1078,6,0
1079,5,0
1080,2,0
1081,2,0
1082,5,0
1083,7,0
1084,4,0
1085,6,0
1086,4,0
1087,6,0
1088,5,0
1089,5,0
1090,4,0
1091,4,0
1092,7,0
1093,6,0
1094,7,0
1095,13,0
1096,4,0
1097,5,0
1098,4,0
1099,6,0
1100,4,0
1101,5,0
1102,5,0
1103,8,0
1104,8,0
1105,5,0
1106,5,0
1107,5,0
1108,3,0
1109,3,0
1110,2,0
1111,4,0
1112,4,0
1113,3,0
1114,7,0
1115,7,0
1116,5,0
1117,5,0
1118,3,0
1119,5,0
1120,6,0
1121,9,0
1122,5,0
1123,7,0
1124,10,0
1125,5,0
1126,4,0
1127,3,0
1128,6,0
1129,3,0
1130,6,0
1131,5,0
1132,6,0
1133,4,0
1134,5,0
1135,8,0
1136,4,0
1137,7,0
1138,3,0
1139,5,0
1140,5,0
1141,5,0
1142,4,0
1143,5,0
1144,5,0
1145,7,0
1146,8,0
1147,3,0
1148,4,0
1149,4,0
1150,4,0
1151,7,0
1152,5,0
1153,3,0
1154,9,0
1155,11,0
1156,8,0
1157,8,0
1158,5,0
1159,4,0
1160,6,0
1161,6,0
1162,3,0
1163,10,0
1164,6,0
1165,5,0
1166,5,0
1167,4,0
1168,6,0
1169,7,0
1170,7,0
1171,4,0
1172,11,0
1173,7,0
1174,11,0
1175,4,0
1176,8,0
1177,7,0
1178,6,0
1179,4,0
1180,8,0
1181,6,0
1182,3,0
1183,4,0
1184,2,0
1185,3,0
1186,7,0
1187,8,0
1188,4,0
1189,6,0
1190,5,0
1191,1,0
1192,4,0
1193,4,0
1194,5,0
1195,8,0
1196,4,0
1197,3,0
1198,7,0
1199,3,0
1200,10,0
1201,3,0
1202,9,0
1203,3,0
1204,6,0
1205,7,0
1206,6,0
1207,3,0
1208,5,0
1209,9,0
1210,6,0
1211,2,0
1212,2,0
1213,10,0
1214,5,0
1215,5,0
1216,6,0
1217,3,0
1218,4,0
1219,7,0
1220,3,0
1221,5,0
1222,3,0
1223,8,0
1224,5,0
1225,6,0
1226,5,0
1227,2,0
1228,4,0
1229,1,0
1230,8,0
1231,5,0
1232,6,0
1233,4,0
1234,9,0
1235,4,0
1236,6,0
1237,11,0
1238,3,0
1239,2,0
1240,5,0
1241,4,0
1242,5,0
1243,3,0
1244,7,0
1245,6,0
1246,5,0
1247,8,0
1248,3,0
1249,7,0
1250,2,0
1251,7,0
1252,2,0
1253,6,0
1254,12,0
1255,5,0
1256,8,0
1257,4,0
1258,4,0
1259,9,0
1260,2,0
1261,7,0
1262,5,0
1263,5,0
1264,3,0
1265,10,0
1266,7,0
1267,9,0
1268,5,0
1269,4,0
1270,8,0
1271,6,0
1272,2,0
1273,4,0
1274,8,0
1275,9,0
1276,6,0
1277,3,0
1278,7,0
1279,4,0
1280,10,0
1281,3,0
1282,7,0
1283,8,0
1284,5,0
1285,8,0
1286,9,0
1287,4,0
1288,6,0
1289,6,0
1290,2,0
1291,3,0
1292,5,0
1293,11,0
1294,7,0
1295,4,0
1296,4,0
1297,7,0
1298,3,0
1299,10,0
1300,6,0
1301,13,0
1302,9,0
1303,4,0
1304,3,0
1305,9,0
1306,5,0
1307,8,0
1308,4,0
1309,4,0
1310,5,0
1311,6,0
1312,10,0
1313,6,0
1314,6,0
1315,2,0
1316,4,0
1317,6,0
1318,3,0
1319,2,0
1320,5,0
1321,7,0
1322,7,0
1323,2,0
1324,5,0
1325,7,0
1326,4,0
1327,10,0
1328,1,0
1329,6,0
1330,3,0
1331,1,0
1332,8,0
1333,10,0
1334,5,0
1335,5,0
1336,9,0
1337,7,0
1338,6,0
1339,4,0
1340,12,0
1341,6,0
1342,4,0
1343,9,0
1344,6,0
1345,7,0
1346,6,0
1347,7,0
1348,6,0
1349,2,0
1350,6,0
1351,4,0
1352,11,0
1353,7,0
1354,3,0
1355,7,0
1356,2,0
1357,8,0
1358,4,0
1359,4,0
1360,5,0
1361,6,0
1362,1,0
1363,0,0
1364,6,0
1365,6,0
1366,7,0
1367,6,0
1368,11,0
1369,5,0
1370,4,0
1371,5,0
1372,12,0
1373,3,0
1374,10,0
1375,3,0
1376,6,0
1377,11,0
1378,3,0
1379,10,0
1380,7,0
1381,9,0
1382,4,0
1383,5,0
1384,4,0
1385,5,0
1386,6,0
1387,6,0
1388,4,0
1389,12,0
1390,8,0
1391,6,0
1392,0,0
1393,5,0
1394,5,0
1395,7,0
1396,3,0
1397,5,0
1398,4,0
1399,7,0
1400,9,0
1401,3,0
1402,8,0
1403,8,0
1404,9,0
1405,4,0
1406,6,0
1407,4,0
1408,7,0
1409,7,0
1410,8,0
1411,5,0
1412,4,0
1413,3,0
1414,6,0
1415,4,0
1416,1,0
1417,3,0
1418,8,0
1419,9,0
1420,6,0
1421,4,0
1422,5,0
1423,4,0
1424,11,0
1425,8,0
1426,6,0
1427,5,0
1428,4,0
1429,11,0
1430,6,0
1431,9,0
1432,7,0
1433,5,0
1434,10,0
1435,5,0
1436,0,0
1437,4,0
1438,5,0
1439,4,0
1440,7,0
1441,6,0
1442,4,0
1443,5,0
1444,10,0
1445,6,0
1446,7,0
1447,5,0
1448,6,0
1449,2,0
1450,8,0
1451,8,0
1452,5,0
1453,7,0
1454,2,0
1455,12,0
1456,6,0
1457,6,0
1458,4,0
1459,5,0
1460,6,0
1461,7,0
1462,3,0
1463,1,0
1464,9,0
1465,3,0
1466,5,0
1467,4,0
1468,5,0
1469,10,0
1470,1,0
1471,4,0
1472,3,0
1473,6,0
1474,9,0
1475,3,0
1476,8,0
1477,5,0
1478,6,0
1479,7,0
1480,4,0
1481,4,0
1482,5,0
1483,4,0
1484,5,0
1485,6,0
1486,7,0
1487,7,0
1488,3,0
1489,6,0
1490,3,0
1491,6,0
1492,5,0
1493,7,0
1494,5,0
1495,9,0
1496,8,0
1497,3,0
1498,6,0
1499,6,0
1500,2,0
1501,7,0
1502,7,0
1503,5,0
1504,5,0
1505,5,0
1506,6,0
1507,3,0
1508,6,0
1509,3,0
1510,7,0
1511,6,0
1512,3,0
1513,6,0
1514,5,0
1515,7,0
1516,6,0
1517,1,0
1518,6,0
1519,6,0
1520,3,0
1521,5,0
1522,3,0
1523,4,0
1524,8,0
1525,2,0
1526,4,0
1527,5,0
1528,5,0
1529,3,0
1530,5,0
1531,4,0
1532,8,0
1533,6,0
1534,5,0
1535,5,0
1536,3,0
1537,6,0
1538,5,0
1539,4,0
1540,6,0
1541,1,0
1542,6,0
1543,6,0
1544,6,0
1545,7,0
1546,6,0
1547,6,0
1548,6,0
1549,5,0
1550,7,0
1551,8,0
1552,3,0
1553,6,0
1554,3,0
1555,6,0
1556,7,0
1557,6,0
1558,3,0
1559,5,0
1560,4,0
1561,3,0
1562,3,0
1563,5,0
1564,7,0
1565,5,0
1566,4,0
1567,3,0
1568,5,0
1569,6,0
1570,5,0
1571,5,0
1572,4,0
1573,4,0
1574,3,0
1575,6,0
1576,5,0
1577,6,0
1578,12,0
1579,4,0
1580,3,0
1581,11,0
1582,5,0
1583,6,0
1584,6,0
1585,8,0
1586,7,0
1587,5,0
1588,4,0
1589,2,0
1590,6,0
1591,4,0
1592,4,0
1593,5,0
1594,6,0
1595,9,0
1596,5,0
1597,5,0
1598,4,0
1599,5,0
1600,8,0
1601,4,0
1602,8,0
1603,6,0
1604,3,0
1605,10,0
1606,4,0
1607,11,0
1608,4,0
1609,7,0
1610,9,0
1611,6,0
1612,1,0
1613,7,0
1614,5,0
1615,12,0
1616,3,0
1617,2,0
1618,8,0
1619,3,0
1620,6,0
1621,5,0
1622,7,0
1623,5,0
1624,6,0
1625,12,0
1626,9,0
1627,3,0
1628,7,0
1629,3,0
1630,9,0
1631,9,0
1632,6,0
1633,5,0
1634,7,0
1635,6,0
1636,4,0
1637,7,0
1638,12,0
1639,8,0
1640,5,0
1641,5,0
1642,2,0
1643,5,0
1644,6,0
1645,4,0
1646,8,0
1647,11,0
1648,6,0
1649,7,0
1650,4,0
1651,8,0
1652,6,0
1653,4,0
1654,8,0
1655,3,0
1656,6,0
1657,10,0
1658,6,0
1659,5,0
1660,7,0
1661,4,0
1662,6,0
1663,7,0
1664,10,0
1665,6,0
1666,9,0
1667,5,0
1668,7,0
1669,9,0
1670,8,0
1671,6,0
1672,6,0
1673,6,0
1674,5,0
1675,6,0
1676,4,0
1677,6,0
1678,10,0
1679,3,0
1680,7,0
1681,5,0
1682,5,0
1683,5,0
1684,6,0
1685,10,0
1686,4,0
1687,8,0
1688,4,0
1689,4,0
1690,9,0
1691,4,0
1692,5,0
1693,5,0
1694,6,0
1695,9,0
1696,4,0
1697,9,0
1698,10,0
1699,6,0
1700,0,0
1701,7,0
1702,6,0
1703,4,0
1704,7,0
1705,10,0
1706,6,0
1707,7,0
1708,8,0
1709,4,0
1710,3,0
1711,5,0
1712,9,0
1713,5,0
1714,8,0
1715,6,0
1716,6,0
1717,5,0
1718,5,0
1719,3,0
1720,8,0
1721,4,0
1722,5,0
1723,7,0
1724,5,0
1725,5,0
1726,7,0
1727,4,0
1728,8,0
1729,11,0
1730,7,0
1731,7,0
1732,7,0
1733,8,0
1734,7,0
1735,5,0
1736,6,0
1737,5,0
1738,5,0
1739,6,0
1740,6,0
1741,4,0
1742,7,0
1743,5,0
1744,7,0
1745,4,0
1746,9,0
1747,7,0
1748,4,0
1749,6,0
1750,5,0
1751,7,0
1752,5,0
1753,7,0
1754,3,0
1755,6,0
1756,5,0
1757,7,0
1758,5,0
1759,5,0
1760,3,0
1761,5,0
1762,5,0
1763,4,0
1764,5,0
1765,5,0
1766,9,0
1767,4,0
1768,5,0
1769,4,0
1770,4,0
1771,5,0
1772,4,0
1773,8,0
1774,7,0
1775,8,0
1776,11,0
1777,6,0
1778,0,0
1779,2,0
1780,5,0
1781,5,0
1782,0,0
1783,6,0
1784,8,0
1785,10,0
1786,4,0
1787,3,0
1788,7,0
1789,7,0
1790,5,0
1791,7,0
1792,7,0
1793,8,0
1794,8,0
1795,5,0
1796,6,0
1797,3,0
1798,4,0
1799,3,0
1800,7,0
1801,5,0
1802,4,0
1803,3,0
1804,6,0
1805,5,0
1806,6,0
1807,4,0
1808,5,0
1809,5,0
1810,5,0
1811,7,0
1812,5,0
1813,7,0
1814,5,0
1815,3,0
1816,8,0
1817,5,0
1818,6,0
1819,4,0
1820,7,0
1821,3,0
1822,6,0
1823,3,0
1824,8,0
1825,5,0
1826,5,0
1827,5,0
1828,8,0
1829,5,0
1830,7,0
1831,5,0
1832,7,0
1833,3,0
1834,4,0
1835,6,0
1836,5,0
1837,8,0
1838,7,0
1839,7,0
1840,3,0
1841,6,0
1842,5,0
1843,6,0
1844,2,0
1845,7,0
1846,5,0
1847,5,0
1848,4,0
1849,8,0
1850,5,0
1851,5,0
1852,5,0
1853,5,0
1854,6,0
1855,4,0
1856,4,0
1857,7,0
1858,8,0
1859,7,0
1860,5,0
1861,7,0
1862,6,0
1863,7,0
1864,7,0
1865,5,0
1866,10,0
1867,7,0
1868,6,0
1869,3,0
1870,2,0
1871,3,0
1872,6,0
1873,6,0
1874,6,0
1875,5,0
1876,4,0
1877,2,0
1878,3,0
1879,6,0
1880,6,0
1881,6,0
1882,4,0
1883,2,0
1884,3,0
1885,6,0
1886,7,0
1887,6,0
1888,3,0
1889,5,0
1890,7,0
1891,4,0
1892,5,0
1893,9,0
1894,5,0
1895,5,0
1896,5,0
1897,7,0
1898,4,0
1899,8,0
1900,0,0
1901,8,0
1902,6,0
1903,5,0
1904,5,0
1905,7,0
1906,4,0
1907,4,0
1908,6,0
1909,6,0
1910,4,0
1911,2,0
1912,11,0
1913,5,0
1914,4,0
1915,4,0
1916,6,0
1917,5,0
1918,5,0
1919,5,0
1920,6,0
1921,4,0
1922,2,0
1923,7,0
1924,6,0
1925,6,0
1926,4,0
1927,6,0
1928,8,0
1929,4,0
1930,6,0
1931,3,0
1932,6,0
1933,3,0
1934,3,0
1935,1,0
1936,6,0
1937,9,0
1938,7,0
1939,5,0
1940,5,0
1941,9,0
1942,6,0
1943,4,0
1944,2,0
1945,5,0
1946,5,0
1947,6,0
1948,5,0
1949,5,0
1950,13,0
1951,9,0
1952,6,0
1953,3,0
1954,7,0
1955,7,0
1956,0,0
1957,2,0
1958,8,0
1959,7,0
1960,4,0
1961,2,0
1962,4,0
1963,2,0
1964,6,0
1965,2,0
1966,2,0
1967,9,0
1968,4,0
1969,5,0
1970,5,0
1971,7,0
1972,8,0
1973,7,0
1974,8,0
1975,4,0
1976,5,0
1977,6,0
1978,6,0
1979,6,0
1980,10,0
1981,2,0
1982,11,0
1983,12,0
1984,5,0
1985,7,0
1986,6,0
1987,3,0
1988,3,0
1989,6,0
1990,4,0
1991,3,0
1992,3,0
1993,4,0
1994,7,0
1995,3,0
1996,6,0
1997,5,0
1998,5,0
1999,6,0
2000,9,0
2001,7,0
2002,3,0
2003,5,0
2004,7,0
2005,1,0
2006,4,0
2007,1,0
2008,1,0
2009,1,0
2010,7,0
2011,6,0
2012,6,0
2013,4,0
2014,3,0
2015,4,0
2016,2,0
2017,5,0
2018,1,0
2019,5,0
2020,1,0
2021,3,0
2022,5,0
2023,7,0
2024,1,0
2025,1,0
2026,3,0
2027,4,0
2028,4,0
2029,9,0
2030,1,0
2031,6,0
2032,5,0
2033,1,0
2034,5,0
2035,6,0
2036,4,0
2037,2,0
2038,5,0
2039,5,0
2040,5,0
2041,1,0
2042,3,0
2043,9,0
2044,4,0
2045,6,0
2046,3,0
2047,1,0
2048,4,0
2049,3,0
2050,6,0
2051,6,0
2052,2,0
2053,8,0
2054,1,0
2055,4,0
2056,5,0
2057,5,0
2058,4,0
2059,6,0
2060,5,0
2061,7,0
2062,1,0
2063,8,0
2064,1,0
2065,1,0
2066,5,0
2067,6,0
2068,5,0
2069,1,0
2070,4,0
2071,6,0
2072,4,0
2073,4,0
2074,1,0
2075,1,0
2076,5,0
2077,5,0
2078,1,0
2079,3,0
2080,7,0
2081,6,0
2082,3,0
2083,1,0
2084,6,0
2085,8,0
2086,6,0
2087,12,0
2088,3,0
2089,4,0
2090,4,0
2091,1,0
2092,5,0
2093,9,0
2094,7,0
2095,7,0
2096,6,0
2097,5,0
2098,9,0
2099,7,0
2100,3,0
2101,7,0
2102,8,0
2103,3,0
2104,5,0
2105,1,0
2106,5,0
2107,7,0
2108,7,0
2109,3,0
2110,7,0
2111,9,0
2112,3,0
2113,6,0
2114,7,0
2115,8,0
2116,7,0
2117,8,0
2118,10,0
2119,1,0
2120,5,0
2121,5,0
2122,4,0
2123,9,0
2124,5,0
2125,8,0
2126,6,0
2127,6,0
2128,7,0
2129,1,0
2130,5,0
2131,7,0
2132,3,0
2133,1,0
2134,3,0
2135,3,0
2136,8,0
2137,7,0
2138,1,0
2139,5,0
2140,5,0
2141,1,0
2142,2,0
2143,6,0
2144,5,0
2145,5,0
2146,5,0
2147,7,0
2148,6,0
2149,2,0
2150,6,0
2151,2,0
2152,5,0
2153,1,0
2154,6,0
2155,5,0
2156,3,0
2157,5,0
2158,5,0
2159,1,0
2160,6,0
2161,8,0
2162,6,0
2163,6,0
2164,3,0
2165,3,0
2166,5,0
2167,6,0
2168,5,0
2169,9,0
2170,6,0
2171,5,0
2172,4,0
2173,6,0
2174,1,0
2175,5,0
2176,8,0
2177,6,0
2178,4,0
2179,2,0
2180,9,0
2181,8,0
2182,5,0
2183,1,0
2184,6,0
2185,5,0
2186,5,0
2187,7,0
2188,8,0
2189,2,0
2190,5,0
2191,1,0
2192,5,0
2193,5,0
2194,4,0
2195,7,0
2196,8,0
2197,5,0
2198,6,0
2199,5,0
2200,5,0
2201,8,0
2202,13,0
2203,2,0
2204,1,0
2205,3,0
2206,3,0
2207,7,0
2208,4,0
2209,8,0
2210,5,0
2211,7,0
2212,4,0
2213,0,0
2214,6,0
2215,6,0
2216,2,0
2217,7,0
2218,8,0
2219,4,0
2220,3,0
2221,4,0
2222,6,0
2223,6,0
2224,6,0
2225,4,0
2226,6,0
2227,6,0
2228,5,0
2229,6,0
2230,7,0
2231,6,0
2232,7,0
2233,9,0
2234,4,0
2235,6,0
2236,1,0
2237,4,0
2238,6,0
2239,6,0
2240,4,0
2241,4,0
2242,6,0
2243,9,0
2244,5,0
2245,4,0
2246,5,0
2247,11,0
2248,5,0
2249,6,0
2250,2,0
2251,5,0
2252,5,0
2253,6,0
2254,4,0
2255,4,0
2256,6,0
2257,4,0
2258,6,0
2259,6,0
2260,4,0
2261,12,0
2262,7,0
2263,3,0
2264,6,0
2265,9,0
2266,4,0
2267,6,0
2268,7,0
2269,9,0
2270,5,0
2271,6,0
2272,5,0
2273,5,0
2274,5,0
2275,7,0
2276,8,0
2277,3,0
2278,9,0
2279,5,0
2280,10,0
2281,4,0
2282,3,0
2283,9,0
2284,7,0
2285,4,0
2286,5,0
2287,7,0
2288,4,0
2289,7,0
2290,8,0
2291,11,0
2292,3,0
2293,5,0
2294,5,0
2295,7,0
2296,6,0
2297,10,0
2298,4,0
2299,6,0
2300,5,0
2301,4,0
2302,10,0
2303,4,0
2304,5,0
2305,7,0
2306,7,0
2307,7,0
2308,7,0
2309,4,0
2310,1,0
2311,7,0
2312,10,0
2313,4,0
2314,4,0
2315,7,0
2316,3,0
2317,5,0
2318,10,0
2319,7,0
2320,6,0
2321,6,0
2322,8,0
2323,4,0
2324,5,0
2325,4,0
2326,8,0
2327,7,0
2328,8,0
2329,5,0
2330,6,0
2331,8,0
2332,6,0
2333,3,0
2334,4,0
2335,8,0
2336,6,0
2337,9,0
2338,7,0
2339,5,0
2340,6,0
2341,7,0
2342,6,0
2343,5,0
2344,3,0
2345,10,0
2346,6,0
2347,3,0
2348,6,0
2349,5,0
2350,12,0
2351,4,0
2352,4,0
2353,1,0
2354,6,0
2355,6,0
2356,8,0
2357,5,0
2358,2,0
2359,5,0
2360,7,0
2361,6,0
2362,6,0
2363,7,0
2364,7,0
2365,8,0
2366,6,0
2367,14,0
2368,7,0
2369,6,0
2370,7,0
2371,9,0
2372,4,0
2373,7,0
2374,6,0
2375,5,0
2376,5,0
2377,5,0
2378,4,0
2379,8,0
2380,3,0
2381,4,0
2382,4,0
2383,4,0
2384,3,0
2385,9,0
2386,3,0
2387,4,0
2388,7,0
2389,4,0
2390,6,0
2391,5,0
2392,5,0
2393,6,0
2394,4,0
2395,9,0
2396,6,0
2397,6,0
2398,5,0
2399,6,0
2400,5,0
2401,3,0
2402,13,0
2403,8,0
2404,8,0
2405,6,0
2406,5,0
2407,3,0
2408,13,0
2409,15,0
2410,4,0
2411,5,0
2412,3,0
2413,9,0
2414,3,0
2415,9,0
2416,4,0
2417,5,0
2418,6,0
2419,8,0
2420,5,0
2421,2,0
2422,5,0
2423,7,0
2424,5,0
2425,10,0
2426,5,0
2427,6,0
2428,3,0
2429,0,0
2430,5,0
2431,5,0
2432,11,0
2433,5,0
2434,3,0
2435,4,0
2436,8,0
2437,6,0
2438,6,0
2439,10,0
2440,0,0
2441,6,0
2442,6,0
2443,6,0
2444,5,0
2445,10,0
2446,8,0
2447,0,0
2448,10,0
2449,3,0
2450,10,0
2451,11,0
2452,9,0
2453,5,0
2454,14,0
2455,10,0
2456,5,0
2457,8,0
2458,6,0
2459,0,0
2460,8,0
2461,5,0
2462,2,0
2463,14,0
2464,6,0
2465,3,0
2466,9,0
2467,12,0
2468,10,0
2469,5,0
2470,6,0
2471,2,0
2472,10,0
2473,9,0
2474,12,0
2475,7,0
2476,3,0
2477,8,0
2478,8,0
2479,1,0
2480,9,0
2481,12,0
2482,6,0
2483,3,0
2484,8,0
2485,0,0
2486,3,0
2487,7,0
2488,7,0
2489,4,0
2490,7,0
2491,4,0
2492,7,0
2493,4,0
2494,7,0
2495,5,0
2496,10,0
2497,5,0
2498,12,0
2499,2,0
2500,6,0
2501,5,0
2502,8,0
2503,5,0
2504,7,0
2505,7,0
2506,4,0
2507,1,0
2508,7,0
2509,12,0
2510,12,0
2511,7,0
2512,11,0
2513,11,0
2514,6,0
2515,14,0
2516,1,0
2517,6,0
2518,0,0
2519,7,0
2520,4,0
2521,2,0
2522,9,0
2523,13,0
2524,1,0
2525,3,0
2526,4,0
2527,6,0
2528,8,0
2529,5,0
2530,9,0
2531,15,0
2532,9,0
2533,9,0
2534,1,0
2535,8,0
2536,7,0
2537,7,0
2538,7,0
2539,11,0
2540,8,0
2541,6,0
2542,3,0
2543,8,0
2544,5,0
2545,4,0
2546,3,0
2547,11,0
2548,2,0
2549,1,0
2550,10,0
2551,11,0
2552,10,0
2553,7,0
2554,16,0
2555,4,0
2556,4,0
2557,10,0
2558,5,0
2559,11,0
2560,6,0
2561,4,0
2562,11,0
2563,4,0
2564,6,0
2565,15,0
2566,8,0
2567,5,0
2568,1,0
2569,9,0
2570,1,0
2571,6,0
2572,9,0
2573,3,0
2574,6,0
2575,13,0
2576,9,0
2577,4,0
2578,8,0
2579,4,0
2580,3,0
2581,2,0
2582,6,0
2583,9,0
2584,7,0
2585,2,0
2586,9,0
2587,9,0
2588,6,0
2589,3,0
2590,6,0
2591,9,0
2592,10,0
2593,1,0
2594,9,0
2595,8,0
2596,9,0
2597,4,0
2598,3,0
2599,3,0
2600,6,0
2601,7,0
2602,6,0
2603,7,0
2604,8,0
2605,4,0
2606,7,0
2607,8,0
2608,5,0
2609,5,0
2610,3,0
2611,5,0
2612,4,0
2613,9,0
2614,4,0
2615,7,0
2616,6,0
2617,5,0
2618,5,0
2619,7,0
2620,7,0
2621,4,0
2622,6,0
2623,4,0
2624,4,0
2625,11,0
2626,6,0
2627,3,0
2628,7,0
2629,9,0
2630,4,0
2631,7,0
2632,7,0
2633,2,0
2634,7,0
2635,4,0
2636,6,0
2637,6,0
2638,5,0
2639,5,0
2640,5,0
2641,5,0
2642,5,0
2643,5,0
2644,4,0
2645,7,0
2646,9,0
2647,6,0
2648,7,0
2649,9,0
2650,8,0
2651,7,0
2652,0,0
2653,6,0
2654,5,0
2655,3,0
2656,5,0
2657,4,0
2658,5,0
2659,7,0
2660,3,0
2661,5,0
2662,7,0
2663,4,0
2664,4,0
2665,5,0
2666,5,0
2667,5,0
2668,8,0
2669,10,0
2670,7,0
2671,5,0
2672,6,0
2673,5,0
2674,9,0
2675,8,0
2676,2,0
2677,7,0
2678,6,0
2679,6,0
2680,4,0
2681,9,0
2682,5,0
2683,7,0
2684,5,0
2685,6,0
2686,3,0
2687,0,0
2688,0,0
2689,6,0
2690,8,0
2691,7,0
2692,6,0
2693,2,0
2694,3,0
2695,2,0
2696,5,0
2697,1,0
2698,4,0
2699,3,0
2700,5,0
2701,5,0
2702,5,0
2703,4,0
2704,4,0
2705,6,0
2706,9,0
2707,8,0
2708,9,0
2709,6,0
2710,4,0
2711,5,0
2712,6,0
2713,2,0
2714,7,0
2715,8,0
2716,6,0
2717,3,0
2718,6,0
2719,6,0
2720,6,0
2721,5,0
2722,7,0
2723,2,0
2724,11,0
2725,2,0
2726,5,0
2727,5,0
2728,4,0
2729,8,0
2730,7,0
2731,14,0
2732,6,0
2733,0,0
2734,10,0
2735,9,0
2736,5,0
2737,8,0
2738,5,0
2739,7,0
2740,6,0
2741,6,0
2742,6,0
2743,6,0
2744,4,0
2745,4,0
2746,5,0
2747,6,0
2748,11,0
2749,6,0
2750,6,0
2751,6,0
2752,5,0
2753,3,0
2754,7,0
2755,2,0
2756,3,0
2757,0,0
2758,3,0
2759,4,0
2760,7,0
2761,6,0
2762,6,0
2763,0,0
2764,2,0
2765,3,0
2766,9,0
2767,11,0
2768,3,0
2769,3,0
2770,3,0
2771,5,0
2772,0,0
2773,8,0
2774,10,0
2775,6,0
2776,4,0
2777,7,0
2778,5,0
2779,7,0
2780,8,0
2781,4,0
2782,4,0
2783,3,0
2784,7,0
2785,6,0
2786,11,0
2787,5,0
2788,5,0
2789,6,0
2790,0,0
2791,7,0
2792,6,0
2793,5,0
2794,8,0
2795,4,0
2796,5,0
2797,8,0
2798,12,0
2799,6,0
2800,14,0
2801,7,0
2802,8,0
2803,7,0
2804,4,0
2805,5,0
2806,8,0
2807,10,0
2808,5,0
2809,6,0
2810,5,0
2811,4,0
2812,6,0
2813,3,0
2814,6,0
2815,2,0
2816,14,0
2817,6,0
2818,5,0
2819,4,0
2820,9,0
2821,0,0
2822,0,0
2823,14,0
2824,4,0
2825,5,0
2826,6,0
2827,6,0
2828,10,0
2829,7,0
2830,4,0
2831,6,0
2832,5,0
2833,4,0
2834,7,0
2835,1,0
2836,3,0
2837,7,0
2838,4,0
2839,6,0
2840,4,0
2841,6,0
2842,4,0
2843,3,0
2844,3,0
2845,3,0
2846,5,0
2847,6,0
2848,3,0
2849,13,0
2850,9,0
2851,7,0
2852,9,0
2853,0,0
2854,6,0
2855,4,0
2856,6,0
2857,5,0
2858,7,0
2859,5,0
2860,5,0
2861,4,0
2862,3,0
2863,4,0
2864,3,0
2865,6,0
2866,7,0
2867,9,0
2868,5,0
2869,5,0
2870,8,0
2871,8,0
2872,13,0
2873,6,0
2874,7,0
2875,11,0
2876,5,0
2877,6,0
2878,0,0
2879,7,0
2880,4,0
2881,4,0
2882,6,0
2883,6,0
2884,6,0
2885,11,0
2886,4,0
2887,3,0
2888,6,0
2889,6,0
2890,9,0
2891,3,0
2892,3,0
2893,8,0
2894,7,0
2895,15,0
2896,0,0
2897,3,0
2898,5,0
2899,3,0
2900,10,0
2901,5,0
2902,7,0
2903,4,0
2904,5,0
2905,5,0
2906,11,0
2907,6,0
2908,5,0
2909,7,0
2910,7,0
2911,6,0
2912,10,0
2913,7,0
2914,6,0
2915,5,0
2916,5,0
2917,6,0
2918,4,0
2919,4,0
2920,6,0
2921,6,0
2922,4,0
2923,4,0
2924,10,0
2925,5,0
2926,8,0
2927,6,0
2928,5,0
2929,2,0
2930,6,0
2931,8,0
2932,6,0
2933,4,0
2934,5,0
2935,3,0
2936,0,0
2937,6,0
2938,6,0
2939,8,0
2940,5,0
2941,4,0
2942,4,0
2943,6,0
2944,6,0
2945,7,0
2946,14,0
2947,3,0
2948,10,0
2949,6,0
2950,13,0
2951,7,0
2952,7,0
2953,9,0
2954,3,0
2955,1,0
2956,10,0
2957,8,0
2958,9,0
2959,7,0
2960,3,0
2961,10,0
2962,7,0
2963,3,0
2964,4,0
2965,7,0
2966,3,0
2967,9,0
2968,8,0
2969,5,0
2970,2,0
2971,6,0
2972,3,0
2973,8,0
2974,9,0
2975,6,0
2976,4,0
2977,3,0
2978,7,0
2979,3,0
2980,5,0
2981,4,0
2982,9,0
2983,8,0
2984,3,0
2985,7,0
2986,2,0
2987,7,0
2988,5,0
2989,8,0
2990,9,0
2991,3,0
2992,6,0
2993,6,0
2994,3,0
2995,7,0
2996,8,0
2997,8,0
2998,4,0
2999,3,0
3000,6,0
3001,15,0
3002,8,0
3003,5,0
3004,12,0
3005,6,0
3006,6,0
3007,5,0
3008,1,0
3009,7,0
3010,7,0
3011,5,0
3012,8,0
3013,6,0
3014,10,0
3015,5,0
3016,10,0
3017,3,0
3018,3,0
3019,8,0
3020,6,0
3021,4,0
3022,9,0
3023,4,0
3024,4,0
3025,7,0
3026,5,0
3027,9,0
3028,9,0
3029,1,0
3030,5,0
3031,4,0
3032,7,0
3033,8,0
3034,9,0
3035,8,0
3036,10,0
3037,7,0
3038,12,0
3039,4,0
3040,6,0
3041,7,0
3042,5,0
3043,4,0
3044,9,0
3045,9,0
3046,6,0
3047,3,0
3048,15,0
3049,9,0
3050,7,0
3051,10,0
3052,16,0
3053,9,0
3054,11,0
3055,5,0
3056,0,0
3057,5,0
3058,9,0
3059,9,0
3060,12,0
3061,7,0
3062,1,0
3063,3,0
3064,5,0
3065,6,0
3066,7,0
3067,13,0
3068,2,0
3069,9,0
3070,4,0
3071,3,0
3072,12,0
3073,5,0
3074,0,0
3075,8,0
3076,6,0
3077,3,0
3078,6,0
3079,4,0
3080,11,0
3081,1,0
3082,7,0
3083,8,0
3084,0,0
3085,4,0
3086,5,0
3087,14,0
3088,6,0
3089,6,0
3090,4,0
3091,6,0
3092,6,0
3093,11,0
3094,13,0
3095,5,0
3096,9,0
3097,13,0
3098,0,0
3099,12,0
3100,6,0
3101,5,0
3102,15,0
3103,8,0
3104,8,0
3105,5,0
3106,5,0
3107,10,0
3108,4,0
3109,8,0
3110,3,0
3111,6,0
3112,8,0
3113,6,0
3114,10,0
3115,6,0
3116,5,0
3117,15,0
3118,6,0
3119,4,0
3120,8,0
3121,6,0
3122,4,0
3123,6,0
3124,12,0
3125,4,0
3126,6,0
3127,13,0
3128,10,0
3129,8,0
3130,8,0
3131,4,0
3132,3,0
3133,6,0
3134,13,0
3135,6,0
3136,6,0
3137,7,0
3138,0,0
3139,10,0
3140,8,0
3141,6,0
3142,3,0
3143,12,0
3144,3,0
3145,7,0
3146,8,0
3147,10,0
3148,6,0
3149,2,0
3150,7,0
3151,9,0
3152,8,0
3153,8,0
3154,2,0
3155,9,0
3156,8,0
3157,11,0
3158,13,0
3159,7,0
3160,7,0
3161,9,0
3162,5,0
3163,10,0
3164,4,0
3165,16,0
3166,4,0
3167,9,0
3168,8,0
3169,2,0
3170,4,0
3171,9,0
3172,5,0
3173,8,0
3174,8,0
3175,7,0
3176,6,0
3177,11,0
3178,6,0
3179,4,0
3180,0,0
3181,8,0
3182,7,0
3183,7,0
3184,8,0
3185,6,0
3186,7,0
3187,7,0
3188,7,0
3189,9,0
3190,5,0
3191,9,0
3192,5,0
3193,8,0
3194,7,0
3195,4,0
3196,7,0
3197,7,0
3198,6,0
3199,6,0
3200,6,0
3201,9,0
3202,7,0
3203,9,0
3204,2,0
3205,3,0
3206,0,0
3207,7,0
3208,7,0
3209,4,0
3210,2,0
3211,5,0
3212,7,0
3213,8,0
3214,1,0
3215,3,0
3216,7,0
3217,5,0
3218,6,0
3219,4,0
3220,3,0
3221,3,0
3222,8,0
3223,7,0
3224,13,0
3225,4,0
3226,5,0
3227,4,0
3228,3,0
3229,8,0
3230,7,0
3231,6,0
3232,6,0
3233,5,0
3234,8,0
3235,8,0
3236,6,0
3237,6,0
3238,6,0
3239,1,0
3240,7,0
3241,6,0
3242,0,0
3243,7,0
3244,3,0
3245,8,0
3246,7,0
3247,6,0
3248,7,0
3249,5,0
3250,2,0
3251,6,0
3252,5,0
3253,6,0
3254,5,0
3255,5,0
3256,7,0
3257,6,0
3258,0,0
3259,3,0
3260,9,0
3261,7,0
3262,6,0
3263,10,0
3264,1,0
3265,5,0
3266,5,0
3267,10,0
3268,8,0
3269,3,0
3270,9,0
3271,6,0
3272,8,0
3273,7,0
3274,5,0
3275,4,0
3276,8,0
3277,7,0
3278,4,0
3279,4,0
3280,7,0
3281,2,0
3282,5,0
3283,4,0
3284,5,0
3285,6,0
3286,5,0
3287,5,0
3288,5,0
3289,3,0
3290,5,0
3291,5,0
3292,9,0
3293,4,0
3294,8,0
3295,10,0
3296,12,0
3297,2,0
3298,3,0
3299,4,0
3300,8,0
3301,8,0
3302,10,0
3303,2,0
3304,5,0
3305,9,0
3306,10,0
3307,7,0
3308,8,0
3309,8,0
3310,1,0
3311,6,0
3312,4,0
3313,7,0
3314,1,0
3315,7,0
3316,8,0
3317,7,0
3318,3,0
3319,10,0
3320,7,0
3321,16,0
3322,6,0
3323,6,0
3324,6,0
3325,1,0
3326,5,0
3327,5,0
3328,7,0
3329,3,0
3330,3,0
3331,5,0
3332,6,0
3333,6,0
3334,3,0
3335,4,0
3336,7,0
3337,5,0
3338,4,0
3339,6,0
3340,6,0
3341,5,0
3342,7,0
3343,8,0
3344,7,0
3345,8,0
3346,5,0
3347,5,0
3348,5,0
3349,5,0
3350,3,0
3351,6,0
3352,3,0
3353,4,0
3354,8,0
3355,5,0
3356,6,0
3357,8,0
3358,12,0
3359,3,0
3360,6,0
3361,9,0
3362,3,0
3363,1,0
3364,5,0
3365,0,0
3366,9,0
3367,5,0
3368,8,0
3369,6,0
3370,4,0
3371,5,0
3372,7,0
3373,3,0
3374,3,0
3375,10,0
3376,4,0
3377,7,0
3378,7,0
3379,5,0
3380,5,0
3381,0,0
3382,6,0
3383,7,0
3384,6,0
3385,8,0
3386,6,0
3387,5,0
3388,5,0
3389,4,0
3390,4,0
3391,6,0
3392,8,0
3393,0,0
3394,3,0
3395,3,0
3396,5,0
3397,5,0
3398,9,0
3399,8,0
3400,3,0
3401,7,0
3402,6,0
3403,4,0
3404,5,0
3405,3,0
3406,1,0
3407,4,0
3408,9,0
3409,4,0
3410,4,0
3411,7,0
3412,6,0
3413,4,0
3414,8,0
3415,6,0
3416,8,0
3417,4,0
3418,10,0
3419,12,0
3420,5,0
3421,1,0
3422,9,0
3423,4,0
3424,5,0
3425,9,0
3426,9,0
3427,6,0
3428,3,0
3429,5,0
3430,5,0
3431,6,0
3432,1,0
3433,2,0
3434,6,0
3435,2,0
3436,6,0
3437,6,0
3438,1,0
3439,6,0
3440,6,0
3441,3,0
3442,8,0
3443,6,0
3444,5,0
3445,5,0
3446,4,0
3447,5,0
3448,7,0
3449,6,0
3450,9,0
3451,7,0
3452,5,0
3453,5,0
3454,13,0
3455,8,0
3456,10,0
3457,3,0
3458,5,0
3459,1,0
3460,4,0
3461,5,0
3462,5,0
3463,7,0
3464,3,0
3465,4,0
3466,6,0
3467,2,0
3468,3,0
3469,5,0
3470,4,0
3471,5,0
3472,4,0
3473,12,0
3474,8,0
3475,7,0
3476,7,0
3477,8,0
3478,6,0
3479,7,0
3480,8,0
3481,8,0
3482,3,0
3483,8,0
3484,4,0
3485,3,0
3486,4,0
3487,7,0
3488,5,0
3489,10,0
3490,2,0
3491,4,0
3492,5,0
3493,5,0
3494,6,0
3495,5,0
3496,8,0
3497,5,0
3498,6,0
3499,5,0
3500,1,0
3501,4,0
3502,8,0
3503,5,0
3504,1,0
3505,3,0
3506,4,0
3507,1,0
3508,5,0
3509,8,0
3510,8,0
3511,2,0
3512,5,0
3513,4,0
3514,4,0
3515,7,0
3516,6,0
3517,5,0
3518,8,0
3519,4,0
3520,8,0
3521,6,0
3522,5,0
3523,5,0
3524,4,0
3525,3,0
3526,3,0
3527,3,0
3528,5,0
3529,6,0
3530,6,0
3531,7,0
3532,9,0
3533,10,0
3534,1,0
3535,8,0
3536,6,0
3537,6,0
3538,6,0
3539,16,0
3540,1,0
3541,3,0
3542,7,0
3543,5,0
3544,5,0
3545,5,0
3546,4,0
3547,6,0
3548,4,0
3549,4,0
3550,4,0
3551,6,0
3552,3,0
3553,1,0
3554,6,0
3555,7,0
3556,6,0
3557,4,0
3558,4,0
3559,4,0
3560,10,0
3561,10,0
3562,4,0
3563,2,0
3564,2,0
3565,5,0
3566,3,0
3567,4,0
3568,9,0
3569,1,0
3570,4,0
3571,2,0
3572,2,0
3573,1,0
3574,4,0
3575,2,0
3576,2,0
3577,4,0
3578,9,0
3579,1,0
3580,1,0
3581,4,0
3582,1,0
3583,3,0
3584,6,0
3585,3,0
3586,10,0
3587,1,0
3588,7,0
3589,8,0
3590,6,0
3591,4,0
3592,4,0
3593,6,0
3594,3,0
3595,1,0
3596,1,0
3597,5,0
3598,8,0
3599,8,0
3600,6,0
3601,5,0
3602,8,0
3603,4,0
3604,4,0
3605,9,0
3606,7,0
3607,3,0
3608,8,0
3609,6,0
3610,5,0
3611,7,0
3612,3,0
3613,6,0
3614,8,0
3615,6,0
3616,7,0
3617,4,0
3618,6,0
3619,4,0
3620,7,0
3621,7,0
3622,7,0
3623,4,0
3624,6,0
3625,6,0
3626,4,0
3627,4,0
3628,5,0
3629,3,0
3630,5,0
3631,7,0
3632,8,0
3633,4,0
3634,3,0
3635,6,0
3636,6,0
3637,7,0
3638,5,0
3639,0,0
3640,10,0
3641,5,0
3642,4,0
3643,0,0
3644,5,0
3645,3,0
3646,9,0
3647,1,0
3648,6,0
3649,5,0
3650,5,0
3651,8,0
3652,10,0
3653,6,0
3654,7,0
3655,6,0
3656,3,0
3657,9,0
3658,4,0
3659,6,0
3660,5,0
3661,13,0
3662,4,0
3663,1,0
3664,10,0
3665,4,0
3666,6,0
3667,6,0
3668,5,0
3669,12,0
3670,2,0
3671,8,0
3672,12,0
3673,4,0
3674,8,0
3675,6,0
3676,4,0
3677,5,0
3678,5,0
3679,8,0
3680,2,0
3681,7,0
3682,7,0
3683,9,0
3684,9,0
3685,5,0
3686,3,0
3687,6,0
3688,6,0
3689,5,0
3690,4,0
3691,5,0
3692,12,0
3693,6,0
3694,3,0
3695,7,0
3696,10,0
3697,8,0
3698,4,0
3699,8,0
3700,5,0
3701,6,0
3702,0,0
3703,7,0
3704,6,0
3705,7,0
3706,6,0
3707,8,0
3708,6,0
3709,10,0
3710,6,0
3711,11,0
3712,7,0
3713,5,0
3714,5,0
3715,5,0
3716,10,0
3717,6,0
3718,5,0
3719,8,0
3720,4,0
3721,4,0
3722,0,0
3723,6,0
3724,4,0
3725,5,0
3726,8,0
3727,5,0
3728,5,0
3729,5,0
3730,5,0
3731,7,0
3732,4,0
3733,8,0
3734,5,0
3735,4,0
3736,8,0
3737,6,0
3738,5,0
3739,4,0
3740,5,0
3741,14,0
3742,5,0
3743,6,0
3744,10,0
3745,5,0
3746,8,0
3747,6,0
3748,4,0
3749,7,0
3750,8,0
3751,13,0
3752,8,0
3753,3,0
3754,5,0
3755,6,0
3756,6,0
3757,6,0
3758,3,0
3759,6,0
3760,3,0
3761,5,0
3762,8,0
3763,6,0
3764,6,0
3765,6,0
3766,5,0
3767,2,0
3768,2,0
3769,10,0
3770,4,0
3771,6,0
3772,7,0
3773,6,0
3774,4,0
3775,4,0
3776,2,0
3777,7,0
3778,3,0
3779,6,0
3780,7,0
3781,5,0
3782,2,0
3783,12,0
3784,8,0
3785,8,0
3786,5,0
3787,12,0
3788,6,0
3789,7,0
3790,5,0
3791,6,0
3792,7,0
3793,4,0
3794,6,0
3795,6,0
3796,0,0
3797,3,0
3798,6,0
3799,4,0
3800,6,0
3801,7,0
3802,3,0
3803,7,0
3804,12,0
3805,4,0
3806,7,0
3807,9,0
3808,8,0
3809,9,0
3810,3,0
3811,11,0
3812,5,0
3813,5,0
3814,7,0
3815,3,0
3816,5,0
3817,8,0
3818,4,0
3819,11,0
3820,6,0
3821,6,0
3822,11,0
3823,2,0
3824,8,0
3825,6,0
3826,6,0
3827,4,0
3828,7,0
3829,9,0
3830,5,0
3831,6,0
3832,7,0
3833,8,0
3834,9,0
3835,5,0
3836,6,0
3837,5,0
3838,7,0
3839,6,0
3840,7,0
3841,6,0
3842,5,0
3843,7,0
3844,8,0
3845,5,0
3846,12,0
3847,8,0
3848,10,0
3849,7,0
3850,5,0
3851,7,0
3852,7,0
3853,4,0
3854,6,0
3855,3,0
3856,4,0
3857,7,0
3858,6,0
3859,3,0
3860,7,0
3861,4,0
3862,4,0
3863,5,0
3864,9,0
3865,5,0
3866,5,0
3867,5,0
3868,3,0
3869,7,0
3870,3,0
3871,5,0
3872,5,0
3873,7,0
3874,6,0
3875,3,0
3876,5,0
3877,5,0
3878,3,0
3879,6,0
3880,9,0
3881,9,0
3882,4,0
3883,4,0
3884,5,0
3885,7,0
3886,6,0
3887,5,0
3888,6,0
3889,10,0
3890,2,0
3891,6,0
3892,15,0
3893,3,0
3894,9,0
3895,3,0
3896,3,0
3897,8,0
3898,3,0
3899,9,0
3900,3,0
3901,6,0
3902,5,0
3903,5,0
3904,5,0
3905,6,0
3906,3,0
3907,7,0
3908,5,0
3909,9,0
3910,7,0
3911,8,0
3912,5,0
3913,6,0
3914,3,0
3915,6,0
3916,8,0
3917,6,0
3918,8,0
3919,9,0
3920,6,0
3921,3,0
3922,5,0
3923,13,0
3924,3,0
3925,10,0
3926,3,0
3927,12,0
3928,5,0
3929,7,0
3930,5,0
3931,5,0
3932,8,0
3933,7,0
3934,6,0
3935,8,0
3936,5,0
3937,8,0
3938,4,0
3939,8,0
3940,6,0
3941,4,0
3942,4,0
3943,7,0
3944,3,0
3945,4,0
3946,5,0
3947,2,0
3948,7,0
3949,6,0
3950,6,0
3951,4,0
3952,6,0
3953,8,0
3954,5,0
3955,3,0
3956,6,0
3957,3,0
3958,7,0
3959,8,0
3960,8,0
3961,7,0
3962,5,0
3963,8,0
3964,6,0
3965,7,0
3966,5,0
3967,4,0
3968,3,0
3969,10,0
3970,5,0
3971,4,0
3972,3,0
3973,8,0
3974,7,0
3975,3,0
3976,4,0
3977,4,0
3978,7,0
3979,9,0
3980,4,0
3981,6,0
3982,4,0
3983,7,0
3984,5,0
3985,5,0
3986,2,0
3987,5,0
3988,3,0
3989,9,0
3990,4,0
3991,0,0
3992,1,0
3993,5,0
3994,5,0
3995,6,0
3996,6,0
3997,6,0
3998,7,0
3999,5,0
