id,good,bad
0,9,0
1,11,1
2,10,0
3,9,0
4,8,0
5,7,0
6,9,0
7,6,0
8,6,0
9,11,0
10,10,0
11,11,1
12,10,0
13,7,0
14,6,0
15,8,0
16,8,0
17,7,0
18,9,0
19,7,0
20,6,0
21,9,0
22,12,0
23,7,0
24,10,0
25,9,0
26,10,0
27,12,0
28,6,0
29,8,0
30,8,0
31,5,0
32,8,0
33,8,0
34,10,0
35,10,1
36,8,0
37,7,0
38,9,0
39,9,0
40,6,0
41,7,0
42,7,0
43,10,0
44,11,0
45,7,0
46,7,0
47,8,0
48,11,0
49,9,0
50,8,0
51,6,0
52,6,0
53,7,0
54,7,0
55,10,0
56,9,0
57,5,0
58,7,0
59,9,0
60,7,0
61,10,0
62,7,0
63,9,0
64,13,0
65,9,0
66,13,0
67,9,0
68,5,0
69,8,0
70,9,0
71,11,0
72,11,0
73,16,1
74,9,0
75,10,0
76,12,0
77,10,0
78,9,0
79,8,0
80,10,0
81,10,0
82,12,0
83,6,0
84,6,0
85,10,0
86,6,0
87,9,0
88,14,1
89,9,0
90,8,0
91,10,0
92,15,0
93,7,0
94,9,0
95,8,0
96,11,0
97,9,0
98,8,0
99,13,1
100,8,0
101,9,0
102,11,0
103,7,0
104,12,0
105,8,0
106,11,1
107,12,0
108,12,0
109,10,1
110,9,0
111,7,0
112,9,0
113,6,0
114,13,1
115,11,0
116,9,1
117,9,0
118,11,1
119,6,0
120,9,0
121,12,0
122,11,0
123,8,0
124,9,0
125,9,0
126,7,0
127,14,1
128,7,0
129,6,0
130,10,0
131,10,0
132,12,0
133,8,0
134,9,0
135,10,0
136,6,0
137,9,0
138,10,0
139,9,0
140,11,0
141,9,0
142,6,0
143,7,0
144,8,0
145,7,0
146,8,0
147,8,0
148,7,0
149,8,0
150,10,0
151,10,0
152,9,0
153,9,0
154,10,0
155,8,0
156,9,0
157,10,0
158,8,0
159,10,0
160,9,0
161,10,0
162,4,0
163,8,0
164,13,0
165,5,0
166,7,0
167,10,1
168,7,0
169,9,0
170,8,0
171,7,0
172,10,0
173,6,0
174,4,0
175,6,0
176,8,0
177,7,0
178,9,0
179,10,0
180,7,0
181,9,0
182,8,0
183,9,0
184,6,0
185,9,0
186,6,0
187,14,1
188,8,0
189,5,0
190,11,0
191,8,0
192,9,0
193,10,0
194,8,0
195,8,0
196,8,0
197,7,0
198,10,0
199,9,0
200,9,0
201,11,0
202,12,0
203,10,0
204,8,0
205,12,1
206,10,1
207,10,0
208,9,0
209,10,0
210,11,0
211,10,0
212,10,0
213,10,0
214,10,0
215,11,0
216,7,0
217,8,0
218,9,0
219,8,0
220,6,0
221,10,0
222,9,0
223,11,1
224,6,0
225,9,0
226,10,0
227,11,0
228,10,0
229,10,0
230,10,0
231,4,0
232,10,0
233,12,0
234,11,0
235,12,0
236,12,0
237,9,0
238,9,0
239,10,0
240,8,0
241,13,1
242,6,0
243,8,0
244,6,0
245,9,0
246,10,0
247,9,0
248,9,0
249,9,0
250,12,0
251,10,0
252,12,0
253,8,0
254,10,0
255,7,0
256,10,0
257,11,0
258,11,1
259,10,0
260,12,0
261,12,0
262,11,0
263,9,0
264,10,0
265,8,0
266,9,0
267,11,0
268,11,0
269,8,0
270,9,0
271,11,0
272,9,0
273,6,0
274,11,0
275,12,0
276,10,0
277,11,0
278,6,0
279,10,0
280,10,0
281,10,0
282,9,0
283,9,0
284,11,0
285,7,0
286,9,0
287,8,0
288,9,0
289,10,0
290,9,0
291,9,0
292,10,0
293,12,1
294,9,0
295,9,0
296,11,0
297,11,1
298,10,0
299,14,0
300,10,0
301,7,0
302,8,0
303,9,0
304,11,0
305,9,0
306,8,0
307,9,0
308,8,0
309,9,0
310,9,0
311,9,1
312,9,0
313,8,0
314,8,0
315,13,0
316,7,0
317,9,0
318,11,0
319,9,0
320,13,0
321,10,0
322,11,0
323,9,0
324,8,0
325,7,0
326,7,0
327,14,1
328,7,0
329,9,0
330,9,0
331,9,0
332,11,0
333,11,0
334,6,0
335,9,0
336,11,0
337,8,0
338,8,0
339,8,0
340,10,0
341,9,0
342,9,0
343,9,0
344,9,0
345,9,0
346,9,0
347,14,0
348,12,0
349,9,0
350,14,1
351,11,0
352,8,0
353,7,0
354,11,0
355,8,0
356,10,1
357,10,0
358,11,0
359,8,0
360,11,0
361,10,0
362,13,0
363,6,0
364,6,0
365,8,0
366,9,0
367,7,0
368,12,0
369,12,0
370,4,0
371,11,0
372,10,0
373,13,0
374,8,0
375,13,1
376,6,0
377,13,0
378,9,0
379,10,0
380,9,0
381,9,1
382,9,0
383,7,0
384,10,0
385,11,0
386,8,0
387,9,1
388,15,1
389,7,0
390,13,1
391,12,0
392,8,0
393,8,0
394,8,0
395,11,0
396,9,0
397,8,0
398,7,0
399,12,0
400,13,0
401,10,0
402,14,0
403,13,1
404,10,0
405,14,0
406,14,1
407,14,0
408,10,1
409,12,1
410,11,0
411,13,1
412,12,0
413,11,0
414,11,0
415,2,0
416,12,0
417,8,0
418,13,0
419,9,0
420,10,0
421,11,0
422,13,0
423,9,0
424,12,0
425,12,0
426,14,0
427,11,1
428,11,0
429,12,0
430,12,1
431,11,1
432,14,0
433,12,0
434,5,0
435,10,0
436,10,0
437,10,0
438,9,0
439,13,0
440,7,0
441,8,0
442,14,0
443,13,1
444,10,1
445,17,1
446,10,1
447,11,1
448,13,1
449,11,1
450,14,1
451,11,0
452,13,1
453,16,0
454,13,1
455,12,0
456,8,0
457,14,0
458,12,0
459,12,0
460,12,1
461,14,1
462,13,1
463,5,0
464,10,0
465,15,0
466,9,0
467,10,0
468,11,0
469,10,0
470,13,0
471,14,0
472,9,0
473,14,1
474,12,1
475,12,1
476,11,1
477,10,0
478,7,0
479,12,0
480,13,1
481,13,1
482,11,1
483,14,1
484,13,0
485,11,1
486,12,0
487,16,0
488,12,0
489,12,0
490,9,0
491,13,0
492,13,0
493,9,0
494,12,0
495,12,0
496,6,0
497,13,0
498,12,0
499,12,0
500,12,1
501,14,0
502,11,0
503,14,1
504,12,0
505,13,1
506,14,1
507,12,0
508,11,1
509,14,0
510,12,1
511,13,1
512,14,0
513,10,1
514,11,0
515,11,0
516,13,1
517,10,0
518,12,0
519,8,0
520,7,0
521,12,0
522,11,1
523,14,0
524,14,1
525,14,1
526,13,1
527,12,1
528,11,1
529,13,0
530,4,0
531,12,0
532,8,0
533,11,1
534,12,0
535,13,1
536,12,1
537,9,0
538,12,0
539,13,1
540,13,1
541,12,0
542,8,0
543,13,1
544,16,0
545,14,1
546,14,0
547,10,0
548,12,0
549,9,0
550,10,0
551,9,0
552,11,0
553,11,0
554,11,1
555,12,0
556,13,0
557,9,0
558,6,0
559,13,1
560,12,1
561,12,0
562,13,0
563,13,1
564,15,1
565,11,1
566,11,1
567,15,1
568,14,1
569,11,1
570,12,0
571,12,1
572,14,1
573,12,0
574,11,0
575,9,0
576,7,0
577,12,0
578,13,1
579,9,0
580,9,0
581,13,1
582,14,0
583,11,0
584,10,1
585,13,0
586,8,0
587,14,0
588,5,0
589,12,0
590,5,0
591,8,0
592,15,1
593,13,1
594,10,0
595,11,0
596,13,1
597,13,1
598,12,1
599,13,1
600,11,0
601,12,1
602,12,0
603,10,0
604,8,0
605,9,0
606,12,0
607,11,0
608,8,1
609,9,0
610,8,0
611,11,1
612,12,0
613,11,0
614,11,0
615,11,0
616,11,1
617,11,0
618,12,1
619,10,0
620,10,0
621,10,0
622,9,0
623,14,0
624,9,0
625,9,0
626,7,0
627,12,1
628,11,0
629,9,0
630,11,0
631,13,0
632,14,0
633,11,0
634,12,0
635,9,0
636,12,0
637,10,1
638,10,0
639,9,0
640,12,0
641,12,1
642,10,0
643,9,0
644,11,0
645,11,0
646,9,0
647,10,0
648,11,0
649,13,0
650,12,0
651,10,0
652,9,0
653,8,0
654,12,0
655,7,0
656,12,0
657,7,0
658,5,0
659,9,0
660,12,0
661,11,0
662,11,0
663,11,0
664,7,0
665,10,0
666,11,0
667,10,0
668,11,0
669,10,1
670,9,0
671,11,0
672,13,0
673,10,0
674,11,0
675,13,0
676,10,0
677,11,0
678,10,0
679,5,0
680,9,0
681,12,1
682,10,0
683,11,0
684,8,0
685,7,0
686,8,0
687,9,0
688,12,0
689,10,0
690,10,0
691,10,0
692,12,1
693,9,0
694,10,0
695,10,1
696,8,0
697,8,0
698,10,0
699,6,0
700,10,0
701,12,0
702,11,0
703,9,0
704,12,1
705,12,1
706,9,0
707,11,0
708,10,0
709,10,0
710,8,0
711,8,0
712,11,1
713,9,0
714,12,1
715,6,0
716,10,0
717,12,0
718,9,1
719,12,0
720,9,0
721,13,0
722,11,0
723,8,0
724,10,0
725,11,1
726,9,1
727,8,0
728,11,0
729,12,0
730,6,0
731,8,0
732,10,0
733,12,0
734,12,1
735,10,0
736,12,1
737,11,0
738,11,1
739,12,0
740,14,0
741,11,0
742,10,1
743,12,0
744,10,0
745,11,0
746,13,1
747,13,0
748,10,0
749,12,0
750,13,0
751,11,1
752,10,0
753,10,0
754,10,1
755,10,0
756,9,0
757,11,0
758,7,0
759,11,0
760,10,0
761,12,0
762,8,0
763,11,0
764,8,0
765,9,1
766,11,1
767,11,0
768,12,0
769,13,0
770,11,0
771,11,1
772,11,0
773,13,0
774,13,1
775,13,1
776,13,0
777,10,0
778,11,0
779,10,0
780,11,0
781,11,0
782,13,0
783,12,0
784,10,0
785,13,0
786,7,0
787,8,0
788,10,0
789,12,1
790,12,1
791,12,0
792,11,0
793,10,0
794,12,0
795,12,0
796,12,0
797,9,0
798,12,0
799,15,0
800,8,0
801,10,0
802,10,0
803,11,0
804,9,0
805,12,0
806,8,0
807,13,0
808,5,0
809,7,0
810,12,0
811,11,0
812,9,0
813,7,0
814,11,0
815,14,1
816,11,0
817,9,0
818,8,0
819,10,0
820,8,0
821,9,0
822,7,0
823,10,0
824,13,0
825,11,1
826,8,0
827,11,0
828,11,1
829,8,0
830,11,0
831,9,0
832,7,0
833,11,0
834,9,0
835,7,0
836,10,0
837,10,0
838,11,1
839,11,0
840,11,0
841,11,0
842,10,0
843,12,0
844,9,0
845,11,0
846,11,0
847,6,0
848,10,0
849,11,0
850,10,0
851,7,0
852,7,0
853,10,0
854,8,0
855,8,0
856,5,0
857,13,0
858,11,0
859,10,0
860,9,0
861,10,0
862,11,1
863,10,0
864,14,1
865,9,0
866,8,0
867,9,0
868,12,0
869,10,0
870,11,0
871,8,0
872,7,0
873,13,1
874,9,0
875,11,1
876,9,0
877,14,1
878,13,1
879,13,1
880,6,0
881,11,1
882,9,0
883,12,0
884,11,0
885,12,0
886,11,0
887,10,0
888,11,0
889,9,0
890,10,1
891,9,0
892,10,0
893,11,0
894,7,0
895,11,0
896,11,0
897,15,1
898,7,0
899,11,0
900,13,0
901,6,0
902,11,0
903,10,0
904,11,0
905,8,0
906,6,0
907,11,0
908,10,0
909,10,0
910,11,0
911,8,0
912,12,0
913,12,0
914,7,0
915,11,1
916,11,0
917,8,0
918,8,0
919,9,0
920,10,0
921,8,0
922,12,0
923,12,0
924,8,0
925,7,0
926,10,0
927,7,0
928,9,0
929,9,0
930,9,0
931,10,0
932,13,0
933,12,0
934,11,0
935,8,0
936,8,1
937,11,0
938,11,0
939,12,0
940,10,0
941,10,0
942,10,0
943,7,0
944,11,0
945,8,0
946,5,0
947,11,0
948,9,0
949,8,0
950,8,0
951,9,0
952,7,0
953,8,0
954,13,1
955,10,0
956,10,0
957,9,0
958,10,0
959,8,0
960,11,0
961,7,0
962,7,0
963,10,0
964,12,0
965,8,0
966,9,0
967,9,0
968,9,0
969,12,0
970,10,0
971,10,0
972,7,0
973,5,0
974,12,0
975,9,0
976,7,0
977,10,0
978,12,1
979,9,0
980,8,0
981,8,0
982,10,0
983,9,0
984,12,0
985,13,0
986,11,1
987,11,0
988,9,0
989,10,0
990,13,1
991,10,0
992,9,0
993,5,0
994,9,0
995,9,0
996,7,0
997,8,0
998,8,0
999,6,0
1000,12,0
1001,14,0
1002,10,0
1003,10,0
1004,9,0
1005,9,0
1006,10,0
1007,13,1
1008,13,1
1009,9,0
1010,13,0
1011,7,0
1012,8,0
1013,12,1
1014,5,0
1015,9,0
1016,14,0
1017,8,0
1018,9,0
1019,9,0
1020,11,0
1021,10,0
1022,9,0
1023,9,0
1024,7,0
1025,12,1
1026,9,0
1027,12,0
1028,12,0
1029,9,0
1030,10,0
1031,8,0
1032,12,0
1033,10,0
1034,9,0
1035,6,0
1036,12,0
1037,8,0
1038,10,0
1039,8,0
1040,11,0
1041,9,0
1042,13,1
1043,8,0
1044,9,0
1045,11,0
1046,9,0
1047,8,0
1048,10,0
1049,9,0
1050,10,0
1051,9,0
1052,9,0
1053,9,0
1054,9,0
1055,9,0
1056,9,0
1057,11,0
1058,10,0
1059,9,0
1060,8,0
1061,8,0
1062,10,0
1063,8,0
1064,11,0
1065,9,0
1066,9,0
1067,8,0
1068,10,0
1069,8,0
1070,10,1
1071,10,0
1072,11,0
1073,8,0
1074,11,0
1075,9,0
1076,9,0
1077,7,0
1078,10,0
1079,9,0
1080,12,0
1081,9,0
1082,10,0
1083,8,0
1084,9,0
1085,11,0
1086,11,0
1087,9,0
1088,10,0
1089,10,0
1090,10,0
1091,13,0
1092,8,0
1093,9,0
1094,8,0
1095,12,0
1096,11,0
1097,11,0
1098,10,0
1099,9,0
1100,13,0
1101,9,0
1102,9,0
1103,12,1
1104,7,0
1105,9,0
1106,9,0
1107,8,0
1108,11,0
1109,9,0
1110,9,0
1111,8,0
1112,9,0
1113,9,0
1114,13,0
1115,14,1
1116,11,0
1117,10,0
1118,9,0
1119,9,0
1120,11,0
1121,8,0
1122,7,0
1123,8,0
1124,8,0
1125,9,0
1126,11,0
1127,9,0
1128,11,0
1129,11,0
1130,12,0
1131,9,0
1132,8,0
1133,10,0
1134,10,0
1135,10,0
1136,7,0
1137,8,0
1138,7,0
1139,9,0
1140,10,0
1141,11,0
1142,9,0
1143,10,0
1144,8,0
1145,14,1
1146,11,0
1147,9,0
1148,10,0
1149,7,0
1150,13,0
1151,11,0
1152,10,1
1153,14,1
1154,10,0
1155,14,1
1156,10,0
1157,10,1
1158,9,0
1159,10,0
1160,9,0
1161,9,0
1162,8,0
1163,10,1
1164,10,0
1165,8,0
1166,10,0
1167,9,0
1168,11,0
1169,11,0
1170,12,0
1171,10,0
1172,10,1
1173,12,1
1174,10,0
1175,9,0
1176,10,0
1177,9,0
1178,8,0
1179,10,0
1180,13,1
1181,9,0
1182,8,0
1183,9,0
1184,10,0
1185,8,0
1186,10,0
1187,10,0
1188,10,0
1189,13,1
1190,10,0
1191,9,0
1192,7,0
1193,7,0
1194,6,0
1195,13,1
1196,9,0
1197,9,0
1198,12,0
1199,10,0
1200,9,0
1201,13,1
1202,8,0
1203,10,1
1204,10,0
1205,7,0
1206,10,0
1207,11,0
1208,12,0
1209,11,1
1210,10,0
1211,10,0
1212,11,0
1213,11,0
1214,9,0
1215,8,0
1216,9,0
1217,11,0
1218,11,0
1219,11,1
1220,11,0
1221,11,0
1222,10,0
1223,10,0
1224,12,0
1225,11,0
1226,6,0
1227,9,0
1228,11,0
1229,14,1
1230,13,0
1231,11,1
1232,11,0
1233,5,0
1234,13,0
1235,12,1
1236,10,0
1237,11,1
1238,14,1
1239,12,0
1240,11,0
1241,14,1
1242,14,1
1243,10,0
1244,9,1
1245,11,0
1246,6,0
1247,11,0
1248,10,0
1249,9,0
1250,10,0
1251,11,0
1252,9,0
1253,12,0
1254,10,0
1255,11,0
1256,11,0
1257,14,1
1258,8,0
1259,15,0
1260,14,1
1261,12,0
1262,14,1
1263,14,0
1264,14,1
1265,11,0
1266,8,0
1267,8,0
1268,11,0
1269,11,0
1270,8,0
1271,10,1
1272,7,0
1273,8,0
1274,8,0
1275,7,0
1276,14,0
1277,13,1
1278,8,0
1279,4,0
1280,11,0
1281,14,1
1282,10,0
1283,14,0
1284,7,0
1285,14,1
1286,7,0
1287,10,0
1288,11,0
1289,6,0
1290,12,0
1291,3,0
1292,9,0
1293,9,0
1294,11,0
1295,12,0
1296,11,0
1297,11,0
1298,4,0
1299,11,0
1300,11,0
1301,11,1
1302,15,1
1303,13,0
1304,5,0
1305,11,0
1306,9,0
1307,11,0
1308,12,0
1309,11,0
1310,11,0
1311,9,0
1312,11,1
1313,8,0
1314,9,0
1315,3,0
1316,11,0
1317,11,0
1318,9,0
1319,3,0
1320,8,0
1321,8,0
1322,12,0
1323,7,0
1324,11,0
1325,10,0
1326,7,0
1327,12,0
1328,11,0
1329,12,0
1330,10,0
1331,10,0
1332,10,1
1333,11,0
1334,10,0
1335,10,0
1336,6,0
1337,9,0
1338,11,0
1339,11,0
1340,8,0
1341,7,0
1342,11,0
1343,10,1
1344,9,0
1345,9,0
1346,8,0
1347,9,0
1348,10,0
1349,12,0
1350,11,0
1351,11,0
1352,12,0
1353,7,0
1354,11,0
1355,12,0
1356,10,0
1357,11,0
1358,14,1
1359,14,1
1360,14,1
1361,14,0
1362,14,0
1363,9,0
1364,9,0
1365,8,0
1366,9,0
1367,10,0
1368,13,1
1369,12,0
1370,14,1
1371,11,0
1372,11,0
1373,11,0
1374,14,1
1375,14,1
1376,12,0
1377,14,1
1378,12,0
1379,10,1
1380,9,0
1381,10,0
1382,14,1
1383,14,0
1384,11,0
1385,9,0
1386,8,0
1387,9,0
1388,9,0
1389,9,0
1390,8,0
1391,14,1
1392,13,1
1393,9,0
1394,10,1
1395,9,0
1396,13,1
1397,10,0
1398,8,0
1399,8,0
1400,8,0
1401,9,0
1402,12,0
1403,9,0
1404,12,1
1405,13,1
1406,7,0
1407,7,0
1408,7,0
1409,11,0
1410,13,0
1411,9,0
1412,8,0
1413,9,0
1414,11,0
1415,9,0
1416,10,0
1417,9,0
1418,9,0
1419,13,0
1420,8,0
1421,11,0
1422,7,0
1423,6,0
1424,12,0
1425,11,0
1426,11,0
1427,8,0
1428,10,0
1429,15,0
1430,8,0
1431,11,0
1432,11,0
1433,10,0
1434,11,0
1435,9,0
1436,11,0
1437,10,0
1438,11,0
1439,14,0
1440,11,0
1441,7,0
1442,8,0
1443,7,0
1444,11,0
1445,11,0
1446,7,0
1447,10,0
1448,12,0
1449,8,0
1450,10,0
1451,14,1
1452,12,1
1453,10,0
1454,11,0
1455,11,0
1456,7,0
1457,9,0
1458,14,0
1459,8,0
1460,8,0
1461,7,0
1462,5,0
1463,10,0
1464,14,0
1465,7,0
1466,8,0
1467,10,0
1468,10,0
1469,10,0
1470,11,0
1471,9,0
1472,9,0
1473,10,0
1474,14,0
1475,9,0
1476,12,0
1477,5,0
1478,11,0
1479,9,0
1480,9,0
1481,11,1
1482,7,0
1483,7,0
1484,9,0
1485,12,1
1486,9,0
1487,10,0
1488,10,1
1489,7,0
1490,9,0
1491,8,0
1492,7,0
1493,6,0
1494,11,0
1495,9,0
1496,13,0
1497,7,0
1498,9,0
1499,7,0
1500,9,1
1501,7,0
1502,12,0
1503,9,0
1504,9,0
1505,8,0
1506,8,0
1507,9,0
1508,8,0
1509,4,0
1510,9,0
1511,5,0
1512,11,0
1513,11,0
1514,7,0
1515,9,0
1516,10,0
1517,9,0
1518,9,0
1519,9,0
1520,10,1
1521,10,0
1522,7,0
1523,9,0
1524,9,0
1525,8,0
1526,6,0
1527,10,0
1528,9,0
1529,12,0
1530,9,0
1531,10,0
1532,11,0
1533,9,0
1534,9,0
1535,10,0
1536,8,0
1537,7,0
1538,5,0
1539,8,0
1540,8,0
1541,11,0
1542,8,0
1543,7,0
1544,10,0
1545,8,0
1546,10,0
1547,8,0
1548,7,0
1549,7,0
1550,11,0
1551,6,0
1552,8,0
1553,9,0
1554,8,0
1555,9,0
1556,10,0
1557,6,0
1558,10,0
1559,12,0
1560,9,0
1561,10,0
1562,12,0
1563,8,0
1564,9,1
1565,4,0
1566,6,0
1567,8,0
1568,9,0
1569,10,0
1570,7,0
1571,9,0
1572,5,0
1573,9,0
1574,6,0
1575,9,0
1576,8,0
1577,7,0
1578,10,1
1579,7,0
1580,8,0
1581,11,0
1582,9,0
1583,9,0
1584,7,0
1585,9,0
1586,10,0
1587,8,0
1588,7,0
1589,8,0
1590,9,0
1591,9,0
1592,7,0
1593,7,0
1594,6,0
1595,10,0
1596,9,0
1597,10,0
1598,5,0
1599,7,0
1600,11,1
1601,4,0
1602,12,0
1603,13,0
1604,12,0
1605,11,0
1606,12,0
1607,10,0
1608,8,0
1609,10,0
1610,10,0
1611,9,0
1612,9,0
1613,9,0
1614,7,0
1615,11,0
1616,11,0
1617,9,0
1618,10,1
1619,4,0
1620,7,0
1621,6,0
1622,12,0
1623,9,0
1624,8,0
1625,10,1
1626,8,0
1627,8,0
1628,11,0
1629,9,0
1630,9,0
1631,8,0
1632,9,0
1633,6,0
1634,7,0
1635,6,0
1636,9,0
1637,7,0
1638,13,0
1639,8,0
1640,5,0
1641,7,0
1642,12,1
1643,6,0
1644,9,0
1645,9,0
1646,10,0
1647,10,0
1648,9,0
1649,7,0
1650,7,0
1651,11,0
1652,7,0
1653,8,0
1654,8,0
1655,8,0
1656,10,0
1657,11,0
1658,7,0
1659,7,0
1660,9,0
1661,16,0
1662,10,0
1663,9,0
1664,12,1
1665,11,0
1666,11,0
1667,9,0
1668,8,0
1669,7,0
1670,12,0
1671,7,0
1672,7,0
1673,7,0
1674,9,0
1675,8,0
1676,12,0
1677,6,0
1678,12,0
1679,5,0
1680,8,0
1681,6,0
1682,11,0
1683,7,0
1684,7,0
1685,12,0
1686,5,0
1687,10,0
1688,8,0
1689,10,0
1690,7,0
1691,7,0
1692,10,0
1693,9,0
1694,7,0
1695,10,0
1696,9,0
1697,9,0
1698,11,0
1699,7,0
1700,13,0
1701,9,0
1702,10,0
1703,5,0
1704,12,0
1705,11,0
1706,10,0
1707,7,0
1708,8,0
1709,8,0
1710,7,0
1711,10,0
1712,9,0
1713,10,0
1714,8,0
1715,6,0
1716,11,0
1717,8,0
1718,7,0
1719,3,0
1720,12,0
1721,9,0
1722,7,0
1723,9,0
1724,9,0
1725,9,0
1726,5,0
1727,8,0
1728,7,0
1729,12,0
1730,9,0
1731,9,0
1732,8,0
1733,11,0
1734,10,0
1735,6,0
1736,16,1
1737,8,0
1738,7,0
1739,8,0
1740,10,0
1741,9,0
1742,7,0
1743,7,0
1744,11,0
1745,11,0
1746,14,0
1747,9,0
1748,9,0
1749,8,0
1750,7,0
1751,13,0
1752,7,0
1753,7,0
1754,14,0
1755,12,0
1756,6,0
1757,10,1
1758,8,0
1759,9,0
1760,6,0
1761,11,0
1762,5,0
1763,10,0
1764,7,0
1765,8,0
1766,7,0
1767,10,0
1768,6,0
1769,7,0
1770,15,0
1771,5,0
1772,9,0
1773,6,0
1774,8,0
1775,7,0
1776,11,0
1777,7,0
1778,7,0
1779,10,0
1780,7,0
1781,6,0
1782,11,0
1783,9,0
1784,8,0
1785,7,0
1786,6,0
1787,9,0
1788,9,0
1789,11,0
1790,6,0
1791,7,0
1792,8,0
1793,9,0
1794,7,0
1795,6,0
1796,9,0
1797,4,0
1798,13,0
1799,7,0
1800,8,0
1801,10,0
1802,9,0
1803,7,0
1804,9,0
1805,9,0
1806,10,0
1807,11,0
1808,7,0
1809,10,0
1810,9,0
1811,11,0
1812,7,0
1813,11,0
1814,6,0
1815,8,0
1816,10,0
1817,8,0
1818,9,0
1819,8,0
1820,8,0
1821,4,0
1822,8,0
1823,4,0
1824,9,0
1825,9,0
1826,7,0
1827,9,0
1828,8,0
1829,11,0
1830,8,0
1831,7,0
1832,10,0
1833,11,0
1834,12,0
1835,6,0
1836,11,0
1837,9,0
1838,11,0
1839,9,0
1840,9,0
1841,6,0
1842,9,0
1843,9,0
1844,11,0
1845,8,0
1846,9,0
1847,10,0
1848,7,0
1849,7,0
1850,12,1
1851,8,0
1852,5,0
1853,7,0
1854,8,0
1855,10,0
1856,8,0
1857,7,0
1858,8,0
1859,9,0
1860,7,0
1861,7,0
1862,10,0
1863,8,0
1864,7,0
1865,13,0
1866,10,0
1867,11,0
1868,7,0
1869,7,0
1870,11,0
1871,10,0
1872,8,0
1873,9,0
1874,5,0
1875,7,0
1876,10,0
1877,9,0
1878,8,0
1879,8,0
1880,9,0
1881,9,0
1882,9,0
1883,11,0
1884,10,0
1885,9,0
1886,7,0
1887,7,0
1888,9,0
1889,7,0
1890,9,0
1891,11,0
1892,8,0
1893,11,0
1894,8,0
1895,6,0
1896,4,0
1897,6,0
1898,7,0
1899,11,1
1900,9,0
1901,7,0
1902,6,0
1903,6,0
1904,9,0
1905,7,0
1906,5,0
1907,10,0
1908,5,0
1909,8,0
1910,6,0
1911,7,0
1912,13,0
1913,7,0
1914,8,0
1915,10,0
1916,8,0
1917,8,0
1918,8,0
1919,7,0
1920,12,0
1921,10,0
1922,9,0
1923,8,0
1924,8,0
1925,11,0
1926,8,0
1927,8,0
1928,7,0
1929,6,0
1930,8,0
1931,9,0
1932,10,0
1933,9,0
1934,7,0
1935,9,0
1936,12,0
1937,11,1
1938,7,0
1939,7,0
1940,7,0
1941,10,0
1942,10,0
1943,4,0
1944,10,0
1945,9,0
1946,9,0
1947,8,0
1948,7,0
1949,9,0
1950,9,0
1951,8,0
1952,8,0
1953,10,0
1954,11,0
1955,9,0
1956,10,1
1957,10,0
1958,8,0
1959,11,1
1960,6,0
1961,3,0
1962,9,0
1963,9,0
1964,7,0
1965,4,0
1966,10,0
1967,9,0
1968,11,0
1969,7,0
1970,7,0
1971,7,0
1972,9,0
1973,7,0
1974,7,0
1975,5,0
1976,6,0
1977,8,0
1978,7,0
1979,7,0
1980,13,0
1981,3,0
1982,11,0
1983,9,0
1984,12,0
1985,7,0
1986,8,0
1987,9,0
1988,12,0
1989,16,0
1990,9,0
1991,6,0
1992,8,0
1993,8,0
1994,6,0
1995,7,0
1996,7,0
1997,10,0
1998,8,0
1999,11,0
2000,9,0
2001,7,0
2002,4,0
2003,5,0
2004,17,0
2005,2,0
2006,14,0
2007,2,0
2008,2,0
2009,2,0
2010,9,0
2011,14,1
2012,9,0
2013,6,0
2014,11,0
2015,4,0
2016,4,0
2017,6,0
2018,2,0
2019,5,0
2020,2,0
2021,9,0
2022,6,0
2023,8,0
2024,2,0
2025,2,0
2026,8,0
2027,5,0
2028,4,0
2029,10,0
2030,2,0
2031,7,0
2032,5,0
2033,2,0
2034,8,0
2035,8,0
2036,9,0
2037,3,0
2038,5,0
2039,9,0
2040,11,0
2041,2,0
2042,9,0
2043,9,0
2044,6,0
2045,8,0
2046,6,0
2047,2,0
2048,7,0
2049,6,0
2050,8,0
2051,11,1
2052,2,0
2053,8,0
2054,2,0
2055,6,0
2056,7,0
2057,7,0
2058,7,0
2059,8,0
2060,9,0
2061,7,0
2062,2,0
2063,8,0
2064,2,0
2065,2,0
2066,7,0
2067,12,0
2068,7,0
2069,2,0
2070,9,0
2071,10,0
2072,5,0
2073,9,0
2074,2,0
2075,2,0
2076,5,0
2077,5,0
2078,2,0
2079,10,0
2080,10,0
2081,7,0
2082,8,0
2083,11,0
2084,6,0
2085,10,0
2086,6,0
2087,12,0
2088,4,0
2089,12,0
2090,6,0
2091,2,0
2092,5,0
2093,7,0
2094,7,0
2095,11,0
2096,8,0
2097,9,0
2098,12,0
2099,5,0
2100,7,0
2101,9,0
2102,9,0
2103,5,0
2104,9,0
2105,2,0
2106,8,0
2107,11,0
2108,9,0
2109,10,0
2110,8,0
2111,8,0
2112,9,0
2113,9,0
2114,9,0
2115,11,0
2116,9,0
2117,8,0
2118,9,0
2119,2,0
2120,7,0
2121,10,0
2122,10,0
2123,14,0
2124,8,0
2125,7,0
2126,9,0
2127,8,0
2128,11,0
2129,2,0
2130,8,0
2131,9,0
2132,5,0
2133,2,0
2134,4,0
2135,7,0
2136,10,0
2137,9,0
2138,2,0
2139,8,0
2140,10,0
2141,2,0
2142,9,0
2143,7,0
2144,6,0
2145,7,0
2146,6,0
2147,7,0
2148,9,0
2149,11,0
2150,6,0
2151,4,0
2152,6,0
2153,2,0
2154,9,0
2155,7,0
2156,3,0
2157,8,0
2158,9,0
2159,3,0
2160,8,0
2161,6,0
2162,7,0
2163,8,0
2164,8,0
2165,11,0
2166,8,0
2167,9,0
2168,9,0
2169,8,0
2170,7,0
2171,9,0
2172,11,0
2173,7,0
2174,2,0
2175,9,0
2176,6,0
2177,8,0
2178,8,0
2179,3,0
2180,14,1
2181,10,0
2182,9,0
2183,2,0
2184,5,0
2185,8,0
2186,10,0
2187,6,0
2188,8,0
2189,3,0
2190,9,0
2191,3,0
2192,8,0
2193,10,0
2194,6,0
2195,6,0
2196,9,0
2197,6,0
2198,8,0
2199,7,0
2200,11,1
2201,11,0
2202,13,0
2203,11,0
2204,11,0
2205,11,0
2206,10,0
2207,7,0
2208,13,0
2209,9,0
2210,7,0
2211,9,0
2212,9,0
2213,12,0
2214,11,0
2215,10,0
2216,9,0
2217,7,0
2218,7,0
2219,10,0
2220,10,0
2221,7,0
2222,10,0
2223,9,0
2224,9,0
2225,9,0
2226,6,0
2227,9,0
2228,9,0
2229,7,0
2230,10,0
2231,10,0
2232,9,0
2233,11,1
2234,9,0
2235,13,1
2236,12,0
2237,8,0
2238,11,0
2239,9,0
2240,11,0
2241,8,0
2242,10,0
2243,7,0
2244,11,0
2245,12,0
2246,8,0
2247,13,1
2248,10,0
2249,12,0
2250,10,0
2251,10,0
2252,8,0
2253,6,0
2254,10,0
2255,4,0
2256,9,0
2257,10,0
2258,7,0
2259,7,0
2260,4,0
2261,14,0
2262,7,0
2263,10,0
2264,8,0
2265,10,0
2266,11,0
2267,10,0
2268,6,0
2269,11,0
2270,11,0
2271,9,0
2272,7,0
2273,9,0
2274,9,0
2275,10,0
2276,12,0
2277,9,0
2278,10,0
2279,8,0
2280,12,0
2281,9,0
2282,7,0
2283,15,1
2284,8,0
2285,13,0
2286,9,0
2287,10,0
2288,6,0
2289,13,0
2290,9,0
2291,14,1
2292,9,0
2293,12,0
2294,9,0
2295,12,0
2296,7,0
2297,10,0
2298,8,0
2299,8,0
2300,10,0
2301,10,0
2302,15,0
2303,10,0
2304,11,0
2305,9,0
2306,8,0
2307,7,0
2308,11,0
2309,8,0
2310,13,1
2311,11,0
2312,12,0
2313,13,1
2314,9,0
2315,10,0
2316,14,0
2317,7,0
2318,9,0
2319,8,0
2320,6,0
2321,7,0
2322,10,0
2323,8,0
2324,10,0
2325,9,0
2326,11,0
2327,8,0
2328,12,0
2329,6,0
2330,10,0
2331,10,0
2332,10,0
2333,8,0
2334,7,0
2335,11,1
2336,8,0
2337,9,0
2338,9,0
2339,13,0
2340,10,0
2341,10,0
2342,8,0
2343,9,0
2344,15,0
2345,13,0
2346,7,0
2347,13,0
2348,7,0
2349,7,0
2350,11,0
2351,9,0
2352,11,0
2353,12,1
2354,9,0
2355,11,0
2356,11,0
2357,11,1
2358,11,0
2359,5,0
2360,8,0
2361,8,0
2362,8,0
2363,8,0
2364,10,0
2365,9,0
2366,9,0
2367,10,0
2368,13,1
2369,8,0
2370,10,0
2371,10,1
2372,11,0
2373,14,0
2374,8,0
2375,9,0
2376,11,0
2377,7,0
2378,13,1
2379,10,0
2380,10,0
2381,9,0
2382,11,0
2383,11,0
2384,12,0
2385,11,1
2386,13,0
2387,8,0
2388,10,0
2389,9,0
2390,9,0
2391,7,0
2392,10,0
2393,10,0
2394,9,0
2395,12,0
2396,8,0
2397,9,1
2398,11,0
2399,11,0
2400,10,0
2401,13,0
2402,12,0
2403,10,0
2404,11,0
2405,12,0
2406,11,0
2407,10,0
2408,12,1
2409,12,0
2410,10,0
2411,10,0
2412,14,0
2413,12,1
2414,9,0
2415,12,0
2416,9,0
2417,12,1
2418,12,0
2419,11,0
2420,10,0
2421,12,1
2422,10,0
2423,12,1
2424,9,0
2425,9,0
2426,10,0
2427,11,1
2428,14,1
2429,11,0
2430,12,0
2431,10,0
2432,11,1
2433,12,0
2434,9,0
2435,9,0
2436,13,0
2437,12,1
2438,14,0
2439,11,1
2440,11,0
2441,11,0
2442,10,0
2443,8,1
2444,9,0
2445,11,1
2446,12,1
2447,10,0
2448,11,0
2449,14,0
2450,8,0
2451,10,0
2452,11,1
2453,9,0
2454,12,1
2455,11,0
2456,10,0
2457,13,1
2458,13,0
2459,10,0
2460,9,1
2461,11,0
2462,11,0
2463,12,1
2464,8,0
2465,12,0
2466,10,0
2467,13,0
2468,8,0
2469,10,0
2470,10,0
2471,11,0
2472,13,0
2473,9,0
2474,12,0
2475,13,0
2476,10,0
2477,10,0
2478,12,0
2479,7,0
2480,9,1
2481,10,0
2482,11,0
2483,12,0
2484,10,0
2485,9,0
2486,10,0
2487,9,0
2488,9,0
2489,13,0
2490,11,0
2491,11,0
2492,8,0
2493,8,0
2494,12,0
2495,12,0
2496,13,1
2497,10,0
2498,8,0
2499,13,0
2500,11,0
2501,10,0
2502,12,0
2503,12,0
2504,12,0
2505,9,0
2506,12,0
2507,11,0
2508,11,0
2509,11,0
2510,11,1
2511,11,0
2512,12,0
2513,11,0
2514,11,0
2515,13,0
2516,11,0
2517,14,1
2518,10,0
2519,11,0
2520,12,0
2521,11,0
2522,8,0
2523,10,0
2524,10,1
2525,10,0
2526,10,0
2527,9,0
2528,13,0
2529,14,1
2530,12,0
2531,9,0
2532,12,0
2533,9,1
2534,12,0
2535,10,0
2536,13,0
2537,8,0
2538,9,0
2539,11,0
2540,9,0
2541,12,0
2542,8,0
2543,11,1
2544,13,0
2545,10,0
2546,9,0
2547,13,1
2548,11,1
2549,12,1
2550,11,0
2551,9,0
2552,10,0
2553,8,0
2554,11,1
2555,9,0
2556,8,0
2557,8,0
2558,12,0
2559,8,0
2560,11,0
2561,10,0
2562,10,0
2563,11,0
2564,10,1
2565,10,1
2566,12,1
2567,10,0
2568,11,0
2569,10,0
2570,13,0
2571,8,0
2572,10,0
2573,8,0
2574,9,0
2575,11,0
2576,10,0
2577,11,0
2578,13,0
2579,8,0
2580,12,0
2581,15,0
2582,10,0
2583,12,0
2584,10,0
2585,12,1
2586,11,0
2587,10,0
2588,9,0
2589,11,0
2590,9,0
2591,10,0
2592,13,1
2593,10,1
2594,11,0
2595,11,0
2596,8,0
2597,11,1
2598,8,0
2599,12,0
2600,9,0
2601,8,0
2602,6,0
2603,10,0
2604,9,0
2605,4,0
2606,8,0
2607,8,0
2608,11,0
2609,8,0
2610,11,0
2611,6,0
2612,10,0
2613,10,0
2614,6,0
2615,9,0
2616,6,0
2617,10,0
2618,9,0
2619,14,1
2620,7,0
2621,9,0
2622,11,0
2623,12,1
2624,10,0
2625,13,1
2626,7,0
2627,11,0
2628,9,0
2629,10,0
2630,11,0
2631,14,0
2632,12,0
2633,8,0
2634,9,0
2635,7,0
2636,13,0
2637,9,0
2638,10,0
2639,7,0
2640,6,0
2641,10,0
2642,10,0
2643,10,0
2644,6,0
2645,6,0
2646,10,1
2647,10,0
2648,11,0
2649,12,0
2650,8,0
2651,9,0
2652,11,0
2653,9,0
2654,12,0
2655,8,0
2656,10,0
2657,12,0
2658,11,0
2659,12,0
2660,10,0
2661,7,0
2662,11,0
2663,10,0
2664,11,0
2665,7,0
2666,12,1
2667,9,0
2668,14,0
2669,12,1
2670,9,0
2671,8,0
2672,7,0
2673,8,0
2674,8,0
2675,10,0
2676,11,0
2677,9,0
2678,8,0
2679,9,0
2680,12,1
2681,8,0
2682,9,0
2683,7,0
2684,10,0
2685,9,0
2686,9,0
2687,10,0
2688,9,0
2689,9,0
2690,10,0
2691,7,0
2692,12,0
2693,9,0
2694,9,0
2695,9,0
2696,8,0
2697,2,0
2698,5,0
2699,11,0
2700,9,0
2701,9,0
2702,9,0
2703,10,0
2704,11,0
2705,9,0
2706,11,0
2707,6,0
2708,11,0
2709,8,0
2710,10,0
2711,9,0
2712,9,0
2713,8,0
2714,10,0
2715,10,0
2716,7,0
2717,10,0
2718,13,0
2719,8,0
2720,11,0
2721,13,0
2722,7,0
2723,7,0
2724,10,1
2725,11,0
2726,11,0
2727,12,0
2728,13,1
2729,15,0
2730,12,0
2731,14,0
2732,8,0
2733,11,0
2734,12,0
2735,14,0
2736,11,1
2737,12,0
2738,6,0
2739,9,0
2740,10,0
2741,7,0
2742,9,0
2743,8,0
2744,6,0
2745,5,0
2746,13,1
2747,8,0
2748,12,0
2749,13,0
2750,7,0
2751,10,0
2752,7,0
2753,7,0
2754,9,0
2755,11,0
2756,11,0
2757,12,0
2758,8,0
2759,8,0
2760,10,0
2761,10,0
2762,11,0
2763,12,0
2764,11,0
2765,9,0
2766,9,0
2767,13,0
2768,9,0
2769,8,0
2770,12,0
2771,10,0
2772,11,0
2773,9,0
2774,8,0
2775,12,0
2776,12,0
2777,9,0
2778,5,0
2779,9,0
2780,11,0
2781,5,0
2782,8,0
2783,8,0
2784,11,1
2785,9,0
2786,11,1
2787,8,0
2788,12,1
2789,9,0
2790,12,1
2791,10,0
2792,12,0
2793,6,0
2794,13,1
2795,6,0
2796,10,1
2797,9,0
2798,10,0
2799,6,0
2800,8,0
2801,9,0
2802,11,0
2803,11,0
2804,10,0
2805,11,0
2806,10,0
2807,10,0
2808,6,0
2809,9,0
2810,7,0
2811,6,0
2812,8,0
2813,4,0
2814,9,0
2815,3,0
2816,12,0
2817,10,0
2818,9,0
2819,8,0
2820,13,1
2821,12,0
2822,10,0
2823,13,0
2824,9,1
2825,11,0
2826,11,0
2827,8,0
2828,9,1
2829,8,1
2830,8,0
2831,8,0
2832,14,1
2833,5,0
2834,7,0
2835,13,0
2836,9,1
2837,11,0
2838,5,0
2839,7,0
2840,6,0
2841,7,0
2842,5,0
2843,5,0
2844,5,0
2845,12,0
2846,7,0
2847,8,0
2848,4,0
2849,12,0
2850,10,0
2851,9,0
2852,10,0
2853,10,0
2854,7,0
2855,3,0
2856,9,0
2857,7,0
2858,7,0
2859,8,0
2860,6,0
2861,8,0
2862,11,1
2863,6,0
2864,12,0
2865,7,0
2866,8,0
2867,14,1
2868,5,0
2869,5,0
2870,12,0
2871,14,0
2872,12,1
2873,6,0
2874,11,1
2875,14,1
2876,8,0
2877,11,0
2878,13,1
2879,6,0
2880,7,0
2881,8,0
2882,9,0
2883,9,0
2884,13,0
2885,13,1
2886,8,0
2887,5,0
2888,7,0
2889,12,1
2890,15,1
2891,4,0
2892,5,0
2893,8,0
2894,7,0
2895,13,0
2896,11,0
2897,5,0
2898,6,0
2899,5,0
2900,12,0
2901,10,0
2902,8,0
2903,6,0
2904,9,0
2905,8,0
2906,11,0
2907,11,0
2908,8,0
2909,6,0
2910,9,0
2911,6,0
2912,10,0
2913,8,0
2914,11,0
2915,8,0
2916,7,0
2917,9,0
2918,6,0
2919,7,0
2920,7,0
2921,12,0
2922,8,0
2923,5,0
2924,11,0
2925,7,0
2926,7,0
2927,8,0
2928,7,0
2929,9,0
2930,11,1
2931,7,0
2932,11,0
2933,8,0
2934,8,0
2935,9,0
2936,10,0
2937,10,0
2938,13,0
2939,15,1
2940,13,0
2941,11,0
2942,10,0
2943,7,0
2944,14,1
2945,11,0
2946,11,0
2947,5,0
2948,11,1
2949,11,0
2950,10,0
2951,12,1
2952,12,1
2953,14,0
2954,5,0
2955,12,1
2956,6,0
2957,11,1
2958,10,0
2959,8,0
2960,11,0
2961,11,0
2962,8,0
2963,5,0
2964,9,0
2965,10,0
2966,5,0
2967,8,0
2968,8,0
2969,7,0
2970,9,0
2971,11,0
2972,3,0
2973,9,0
2974,12,0
2975,9,0
2976,12,0
2977,5,0
2978,8,0
2979,5,0
2980,7,0
2981,9,1
2982,11,1
2983,15,1
2984,5,0
2985,10,0
2986,3,0
2987,12,1
2988,6,0
2989,8,0
2990,12,0
2991,5,0
2992,6,0
2993,7,0
2994,5,0
2995,12,1
2996,7,0
2997,8,0
2998,8,0
2999,5,0
3000,12,1
3001,11,0
3002,12,0
3003,9,0
3004,8,0
3005,9,0
3006,7,0
3007,13,1
3008,11,0
3009,7,0
3010,8,0
3011,7,0
3012,12,0
3013,8,0
3014,9,0
3015,11,0
3016,12,0
3017,10,0
3018,10,0
3019,12,0
3020,11,0
3021,9,0
3022,9,0
3023,11,0
3024,7,0
3025,14,1
3026,10,0
3027,11,0
3028,8,0
3029,12,1
3030,13,0
3031,14,0
3032,11,0
3033,12,0
3034,15,0
3035,14,0
3036,11,1
3037,12,1
3038,14,0
3039,10,0
3040,13,1
3041,14,0
3042,10,0
3043,11,1
3044,17,1
3045,15,1
3046,13,0
3047,11,1
3048,11,0
3049,14,0
3050,12,0
3051,11,0
3052,16,1
3053,13,0
3054,13,1
3055,12,0
3056,17,1
3057,15,0
3058,12,0
3059,14,1
3060,13,1
3061,12,1
3062,15,1
3063,13,0
3064,10,1
3065,14,1
3066,13,0
3067,11,0
3068,13,1
3069,16,0
3070,10,1
3071,14,0
3072,14,0
3073,14,1
3074,15,0
3075,12,0
3076,12,1
3077,11,0
3078,11,0
3079,11,1
3080,15,0
3081,15,0
3082,9,0
3083,9,0
3084,13,1
3085,7,0
3086,10,1
3087,13,1
3088,11,0
3089,8,0
3090,5,0
3091,13,1
3092,13,1
3093,12,0
3094,13,0
3095,12,0
3096,14,1
3097,13,0
3098,11,0
3099,14,1
3100,13,1
3101,9,0
3102,12,0
3103,14,0
3104,12,0
3105,11,0
3106,12,0
3107,15,1
3108,11,0
3109,12,0
3110,11,1
3111,14,0
3112,15,1
3113,12,0
3114,13,0
3115,13,0
3116,10,0
3117,12,0
3118,13,1
3119,9,0
3120,14,0
3121,14,0
3122,13,1
3123,13,1
3124,15,1
3125,14,1
3126,11,1
3127,12,1
3128,9,1
3129,11,0
3130,11,0
3131,12,1
3132,13,0
3133,11,0
3134,12,1
3135,12,1
3136,10,0
3137,13,0
3138,13,0
3139,13,1
3140,9,0
3141,11,0
3142,9,1
3143,12,1
3144,13,1
3145,13,0
3146,14,1
3147,14,0
3148,12,0
3149,15,1
3150,14,0
3151,13,1
3152,12,0
3153,13,0
3154,13,0
3155,14,0
3156,12,0
3157,11,0
3158,12,1
3159,12,0
3160,13,0
3161,12,0
3162,14,1
3163,14,0
3164,14,0
3165,14,0
3166,14,1
3167,13,0
3168,12,1
3169,14,0
3170,11,1
3171,12,0
3172,13,0
3173,13,0
3174,14,0
3175,12,1
3176,13,1
3177,15,1
3178,12,0
3179,12,0
3180,12,0
3181,12,0
3182,13,0
3183,12,0
3184,15,1
3185,10,0
3186,12,0
3187,7,0
3188,13,0
3189,11,0
3190,13,0
3191,11,0
3192,12,1
3193,12,0
3194,15,1
3195,10,0
3196,9,0
3197,11,0
3198,13,0
3199,14,1
3200,9,0
3201,13,1
3202,10,0
3203,7,0
3204,10,0
3205,8,0
3206,10,1
3207,8,0
3208,12,0
3209,11,0
3210,6,0
3211,10,0
3212,12,0
3213,12,0
3214,12,0
3215,10,0
3216,12,0
3217,7,0
3218,10,0
3219,8,0
3220,7,0
3221,9,0
3222,11,0
3223,10,0
3224,12,1
3225,7,0
3226,8,0
3227,9,0
3228,10,0
3229,13,0
3230,11,0
3231,7,0
3232,7,0
3233,11,0
3234,12,0
3235,12,0
3236,7,0
3237,10,0
3238,8,0
3239,9,0
3240,12,1
3241,9,0
3242,10,0
3243,9,0
3244,9,0
3245,11,1
3246,11,0
3247,12,0
3248,10,0
3249,7,0
3250,8,0
3251,9,0
3252,9,0
3253,6,0
3254,9,0
3255,10,1
3256,11,0
3257,7,0
3258,12,0
3259,9,0
3260,11,0
3261,11,0
3262,8,0
3263,13,0
3264,9,0
3265,8,0
3266,8,0
3267,9,0
3268,8,0
3269,5,0
3270,11,0
3271,12,1
3272,9,0
3273,9,0
3274,10,0
3275,7,0
3276,10,0
3277,7,0
3278,11,1
3279,11,0
3280,9,0
3281,9,0
3282,7,0
3283,8,0
3284,11,0
3285,8,0
3286,10,0
3287,7,0
3288,12,1
3289,9,0
3290,8,0
3291,10,0
3292,11,0
3293,8,0
3294,12,0
3295,12,1
3296,12,0
3297,11,0
3298,10,0
3299,7,0
3300,13,0
3301,11,1
3302,12,1
3303,8,0
3304,10,1
3305,14,0
3306,10,0
3307,10,0
3308,11,0
3309,8,0
3310,10,0
3311,12,0
3312,7,0
3313,11,0
3314,10,0
3315,10,1
3316,11,0
3317,7,0
3318,10,0
3319,13,0
3320,10,0
3321,10,0
3322,10,0
3323,7,0
3324,10,0
3325,10,0
3326,11,0
3327,7,0
3328,10,0
3329,8,0
3330,8,0
3331,10,0
3332,11,0
3333,8,0
3334,11,0
3335,10,0
3336,9,0
3337,8,0
3338,9,0
3339,7,0
3340,9,0
3341,8,0
3342,8,0
3343,11,0
3344,11,0
3345,11,0
3346,15,0
3347,9,0
3348,8,0
3349,7,0
3350,11,0
3351,10,0
3352,11,0
3353,7,0
3354,13,0
3355,7,0
3356,10,0
3357,6,0
3358,12,0
3359,13,0
3360,7,0
3361,10,0
3362,7,0
3363,11,0
3364,9,0
3365,9,0
3366,8,0
3367,9,0
3368,10,0
3369,9,0
3370,9,0
3371,7,0
3372,9,0
3373,9,0
3374,9,0
3375,12,0
3376,8,0
3377,10,1
3378,11,0
3379,7,0
3380,9,0
3381,12,0
3382,7,0
3383,12,0
3384,9,0
3385,11,0
3386,10,0
3387,10,0
3388,8,0
3389,10,0
3390,8,0
3391,9,0
3392,12,0
3393,8,0
3394,10,0
3395,10,0
3396,8,0
3397,10,0
3398,10,0
3399,11,0
3400,4,0
3401,9,0
3402,8,0
3403,6,0
3404,6,0
3405,5,0
3406,2,0
3407,7,0
3408,13,0
3409,6,0
3410,5,0
3411,8,0
3412,12,0
3413,6,0
3414,8,0
3415,8,0
3416,10,0
3417,15,1
3418,10,0
3419,14,0
3420,6,0
3421,2,0
3422,10,0
3423,11,0
3424,11,1
3425,9,0
3426,10,0
3427,9,0
3428,6,0
3429,7,0
3430,8,0
3431,6,0
3432,2,0
3433,3,0
3434,10,0
3435,2,0
3436,9,0
3437,10,0
3438,2,0
3439,10,0
3440,6,0
3441,4,0
3442,10,0
3443,6,0
3444,9,0
3445,8,0
3446,5,0
3447,6,0
3448,8,0
3449,6,0
3450,11,0
3451,9,0
3452,6,0
3453,5,0
3454,10,0
3455,9,0
3456,13,0
3457,16,1
3458,7,0
3459,2,0
3460,6,0
3461,8,0
3462,8,0
3463,11,0
3464,3,0
3465,5,0
3466,7,0
3467,12,0
3468,3,0
3469,6,0
3470,4,0
3471,5,0
3472,5,0
3473,13,0
3474,11,1
3475,8,0
3476,12,1
3477,14,1
3478,14,0
3479,10,0
3480,10,0
3481,11,0
3482,4,0
3483,6,0
3484,12,0
3485,4,0
3486,5,0
3487,7,0
3488,5,0
3489,11,0
3490,11,1
3491,9,0
3492,6,0
3493,6,0
3494,8,0
3495,9,0
3496,9,0
3497,9,0
3498,7,0
3499,5,0
3500,2,0
3501,7,0
3502,10,0
3503,6,0
3504,2,0
3505,11,0
3506,6,0
3507,2,0
3508,8,0
3509,9,0
3510,11,0
3511,8,0
3512,10,0
3513,6,0
3514,6,0
3515,9,0
3516,9,0
3517,7,0
3518,11,0
3519,6,0
3520,8,0
3521,6,0
3522,5,0
3523,9,0
3524,5,0
3525,4,0
3526,4,0
3527,4,0
3528,6,0
3529,7,0
3530,9,0
3531,8,0
3532,15,1
3533,8,0
3534,9,0
3535,11,0
3536,10,0
3537,8,0
3538,8,0
3539,11,1
3540,2,0
3541,9,0
3542,7,0
3543,7,0
3544,13,0
3545,7,0
3546,11,0
3547,8,0
3548,5,0
3549,8,0
3550,11,0
3551,8,0
3552,5,0
3553,2,0
3554,8,0
3555,9,0
3556,10,0
3557,7,0
3558,14,0
3559,7,0
3560,11,0
3561,10,0
3562,12,1
3563,3,0
3564,3,0
3565,7,0
3566,3,0
3567,12,0
3568,7,0
3569,8,0
3570,5,0
3571,12,1
3572,14,0
3573,2,0
3574,8,0
3575,3,0
3576,3,0
3577,6,0
3578,10,0
3579,2,0
3580,2,0
3581,4,0
3582,2,0
3583,3,0
3584,6,0
3585,3,0
3586,12,1
3587,2,0
3588,8,0
3589,9,1
3590,11,0
3591,4,0
3592,5,0
3593,11,0
3594,3,0
3595,2,0
3596,2,0
3597,9,0
3598,6,0
3599,10,0
3600,10,0
3601,8,0
3602,11,1
3603,9,0
3604,7,0
3605,9,0
3606,8,0
3607,9,0
3608,14,0
3609,9,0
3610,9,0
3611,11,0
3612,7,0
3613,10,1
3614,14,0
3615,12,0
3616,13,0
3617,12,0
3618,11,0
3619,8,0
3620,11,0
3621,12,0
3622,9,0
3623,9,0
3624,9,0
3625,7,0
3626,12,0
3627,9,0
3628,8,1
3629,5,0
3630,12,0
3631,10,1
3632,12,0
3633,10,0
3634,10,0
3635,10,0
3636,7,0
3637,12,0
3638,11,0
3639,14,1
3640,13,0
3641,10,0
3642,12,1
3643,7,0
3644,9,0
3645,14,0
3646,14,1
3647,13,0
3648,6,0
3649,7,0
3650,8,0
3651,10,0
3652,12,0
3653,9,0
3654,10,0
3655,11,0
3656,9,0
3657,12,0
3658,10,0
3659,10,0
3660,10,0
3661,11,0
3662,10,0
3663,12,0
3664,12,1
3665,12,0
3666,13,0
3667,12,0
3668,8,0
3669,12,0
3670,12,0
3671,11,0
3672,12,0
3673,10,0
3674,13,1
3675,11,0
3676,12,0
3677,10,0
3678,10,0
3679,11,0
3680,14,1
3681,13,0
3682,10,0
3683,11,0
3684,11,1
3685,12,0
3686,13,0
3687,6,0
3688,8,0
3689,14,0
3690,13,1
3691,6,0
3692,13,1
3693,7,0
3694,11,0
3695,11,0
3696,10,0
3697,9,0
3698,11,0
3699,11,0
3700,10,0
3701,10,0
3702,12,0
3703,12,0
3704,8,0
3705,11,1
3706,7,0
3707,13,1
3708,11,1
3709,8,0
3710,10,0
3711,11,1
3712,9,0
3713,12,1
3714,6,0
3715,9,0
3716,11,0
3717,10,0
3718,14,1
3719,6,0
3720,9,0
3721,12,0
3722,11,0
3723,10,0
3724,7,0
3725,9,0
3726,12,0
3727,13,0
3728,8,0
3729,8,0
3730,10,1
3731,9,1
3732,9,0
3733,10,0
3734,14,0
3735,9,0
3736,12,0
3737,8,0
3738,9,0
3739,7,0
3740,7,0
3741,13,1
3742,9,0
3743,10,0
3744,14,1
3745,12,0
3746,7,0
3747,15,1
3748,12,0
3749,13,1
3750,9,0
3751,11,0
3752,10,0
3753,9,0
3754,13,1
3755,9,0
3756,5,0
3757,13,1
3758,10,0
3759,8,0
3760,6,0
3761,10,0
3762,12,0
3763,10,0
3764,11,0
3765,7,0
3766,12,0
3767,3,0
3768,12,1
3769,12,0
3770,8,0
3771,9,0
3772,7,0
3773,11,0
3774,14,0
3775,6,0
3776,12,0
3777,14,0
3778,12,1
3779,10,0
3780,12,0
3781,5,0
3782,15,1
3783,13,1
3784,9,0
3785,10,0
3786,12,0
3787,12,0
3788,9,0
3789,11,0
3790,9,0
3791,6,0
3792,8,0
3793,5,0
3794,7,0
3795,15,0
3796,10,0
3797,9,0
3798,8,0
3799,12,1
3800,7,0
3801,9,0
3802,10,0
3803,7,0
3804,11,0
3805,10,0
3806,11,0
3807,10,1
3808,9,0
3809,9,0
3810,8,0
3811,11,0
3812,8,0
3813,10,0
3814,9,0
3815,9,0
3816,10,0
3817,9,0
3818,11,0
3819,10,1
3820,10,0
3821,10,0
3822,10,0
3823,12,0
3824,8,0
3825,5,0
3826,12,0
3827,9,0
3828,13,0
3829,13,1
3830,10,0
3831,9,0
3832,10,0
3833,10,0
3834,9,0
3835,11,0
3836,11,0
3837,11,0
3838,13,1
3839,8,0
3840,10,0
3841,5,0
3842,13,1
3843,6,0
3844,12,0
3845,7,0
3846,11,0
3847,9,0
3848,14,0
3849,10,0
3850,7,0
3851,10,0
3852,11,0
3853,11,0
3854,7,0
3855,8,0
3856,9,0
3857,8,0
3858,11,0
3859,5,0
3860,10,1
3861,9,0
3862,10,0
3863,9,0
3864,12,0
3865,11,0
3866,11,0
3867,8,0
3868,7,0
3869,11,1
3870,11,0
3871,12,0
3872,15,0
3873,9,0
3874,11,0
3875,10,0
3876,11,0
3877,7,0
3878,7,0
3879,9,0
3880,12,1
3881,12,1
3882,10,0
3883,9,0
3884,8,0
3885,12,0
3886,10,0
3887,8,0
3888,8,0
3889,8,0
3890,7,0
3891,9,0
3892,11,0
3893,8,0
3894,8,0
3895,9,0
3896,10,0
3897,10,0
3898,11,0
3899,12,0
3900,8,0
3901,8,0
3902,10,0
3903,10,0
3904,5,0
3905,8,0
3906,8,0
3907,8,0
3908,6,0
3909,11,0
3910,7,0
3911,10,0
3912,9,0
3913,14,0
3914,10,0
3915,11,0
3916,12,1
3917,16,1
3918,13,0
3919,8,0
3920,9,0
3921,12,0
3922,9,1
3923,12,0
3924,11,0
3925,10,0
3926,8,0
3927,12,0
3928,8,0
3929,9,0
3930,9,1
3931,13,1
3932,10,0
3933,12,0
3934,7,0
3935,14,1
3936,13,0
3937,15,0
3938,9,0
3939,12,0
3940,9,0
3941,8,0
3942,11,1
3943,8,0
3944,12,0
3945,11,0
3946,11,0
3947,8,0
3948,10,0
3949,7,0
3950,5,0
3951,11,0
3952,9,0
3953,12,1
3954,9,0
3955,9,0
3956,10,0
3957,12,0
3958,9,0
3959,8,0
3960,10,0
3961,12,0
3962,13,0
3963,10,0
3964,10,0
3965,11,1
3966,13,0
3967,8,0
3968,10,0
3969,12,0
3970,11,0
3971,13,0
3972,9,0
3973,9,0
3974,9,0
3975,8,0
3976,7,0
3977,9,0
3978,7,0
3979,11,1
3980,6,0
3981,8,0
3982,12,1
3983,11,0
3984,13,0
3985,11,0
3986,10,0
3987,11,0
3988,8,0
3989,10,0
3990,9,0
3991,10,0
3992,14,1
3993,8,0
3994,14,0
3995,9,0
3996,7,0
3997,9,0
3998,9,0
3999,8,0
